# input (shape [32, 32, 3]),
0,
0,
0,
0,
0,
0,
0,
0,
0,
0,
0,
0,
0,
0,
0,
0,
0,
0,
0,
0,
0,
0,
0,
0,
0,
0,
0,
0,
0,
0,
0,
0,
0,
0,
0,
0,
0,
0,
0,
0,
0,
0,
0,
0,
0,
0,
0,
0,
0,
0,
0,
0,
0,
0,
0,
0,
0,
0,
0,
0,
0,
0,
0,
0,
0,
0,
0,
0,
0,
0,
0,
0,
0,
0,
0,
0,
0,
0,
0,
0,
0,
0,
0,
0,
0,
0,
0,
0,
0,
0,
0,
0,
0,
0,
0,
0,
0,
0,
0,
0,
0,
0,
0,
0,
0,
0,
0,
0,
0,
0,
0,
0,
0,
0,
0,
0,
0,
0,
0,
0,
0,
0,
0,
0,
0,
0,
0,
0,
0,
0,
0,
0,
0,
0,
0,
0,
0,
0,
127,
140,
134,
97,
106,
103,
118,
128,
131,
158,
177,
177,
162,
182,
182,
104,
114,
119,
112,
125,
125,
120,
128,
132,
110,
122,
121,
104,
118,
118,
112,
125,
127,
124,
139,
139,
110,
130,
128,
115,
133,
136,
106,
126,
123,
77,
101,
103,
91,
122,
123,
0,
0,
0,
0,
0,
0,
0,
0,
0,
0,
0,
0,
0,
0,
0,
0,
0,
0,
0,
0,
0,
0,
0,
0,
0,
0,
0,
0,
0,
0,
79,
93,
93,
90,
109,
107,
111,
131,
131,
14,
25,
30,
68,
79,
79,
133,
141,
140,
113,
119,
120,
117,
127,
127,
160,
177,
179,
128,
139,
146,
121,
133,
141,
133,
145,
149,
141,
147,
155,
131,
140,
142,
126,
138,
139,
132,
145,
146,
134,
154,
152,
127,
143,
144,
138,
154,
151,
138,
154,
151,
127,
148,
145,
80,
106,
105,
83,
113,
111,
0,
0,
0,
0,
0,
0,
0,
0,
0,
37,
53,
40,
58,
78,
72,
81,
98,
97,
77,
98,
98,
53,
68,
65,
116,
139,
134,
84,
98,
96,
92,
108,
104,
113,
132,
132,
15,
29,
35,
66,
78,
77,
145,
154,
150,
126,
132,
136,
116,
127,
132,
116,
127,
132,
160,
177,
176,
135,
145,
150,
127,
140,
142,
147,
159,
160,
154,
165,
168,
137,
154,
153,
138,
155,
154,
134,
151,
150,
126,
141,
140,
120,
135,
134,
124,
142,
136,
115,
137,
133,
85,
106,
111,
85,
111,
111,
0,
0,
0,
0,
0,
0,
33,
51,
37,
41,
55,
42,
61,
78,
71,
82,
100,
97,
82,
100,
97,
86,
103,
99,
59,
69,
68,
113,
135,
133,
92,
105,
104,
95,
109,
106,
117,
133,
136,
18,
29,
40,
67,
81,
82,
152,
162,
157,
132,
141,
139,
117,
129,
130,
161,
174,
175,
135,
145,
150,
128,
139,
140,
142,
152,
156,
145,
155,
160,
131,
145,
146,
132,
144,
144,
146,
160,
158,
135,
149,
147,
128,
148,
142,
129,
154,
147,
122,
143,
139,
84,
105,
104,
92,
119,
111,
0,
0,
0,
0,
0,
0,
72,
92,
85,
48,
65,
56,
46,
58,
45,
59,
74,
65,
84,
100,
101,
87,
102,
102,
64,
73,
71,
117,
133,
133,
99,
113,
111,
97,
112,
109,
120,
136,
138,
22,
34,
41,
66,
86,
87,
157,
167,
163,
136,
145,
143,
120,
129,
130,
160,
173,
174,
143,
152,
155,
139,
151,
147,
151,
165,
160,
153,
167,
161,
141,
152,
148,
143,
152,
149,
137,
152,
150,
130,
139,
140,
128,
143,
140,
131,
147,
147,
114,
134,
129,
84,
105,
104,
91,
117,
109,
0,
0,
0,
0,
0,
0,
71,
94,
86,
54,
71,
62,
49,
60,
51,
59,
74,
65,
89,
102,
101,
89,
103,
104,
67,
79,
75,
118,
130,
131,
108,
122,
120,
103,
116,
113,
124,
137,
140,
22,
40,
45,
83,
103,
104,
165,
174,
172,
142,
149,
150,
123,
131,
134,
161,
173,
174,
144,
158,
158,
143,
154,
150,
149,
159,
157,
150,
160,
156,
132,
144,
139,
137,
147,
142,
136,
147,
147,
120,
134,
130,
123,
136,
134,
125,
135,
134,
111,
121,
118,
86,
106,
103,
92,
119,
117,
0,
0,
0,
0,
0,
0,
77,
93,
91,
54,
71,
62,
50,
62,
51,
62,
73,
63,
88,
103,
103,
94,
108,
105,
74,
84,
77,
117,
130,
128,
121,
133,
132,
113,
122,
121,
127,
138,
142,
41,
59,
63,
135,
147,
148,
169,
181,
178,
148,
158,
160,
125,
133,
136,
159,
171,
172,
143,
158,
156,
171,
182,
183,
165,
174,
177,
146,
159,
159,
128,
144,
143,
133,
145,
144,
138,
153,
147,
122,
138,
132,
125,
142,
140,
122,
144,
138,
105,
129,
114,
89,
106,
106,
99,
120,
116,
0,
0,
0,
0,
0,
0,
78,
96,
89,
58,
75,
66,
53,
64,
52,
65,
75,
64,
90,
107,
105,
98,
110,
106,
81,
89,
81,
115,
131,
126,
129,
140,
139,
127,
134,
133,
143,
156,
158,
126,
139,
141,
194,
203,
208,
190,
206,
206,
172,
185,
185,
125,
134,
136,
169,
180,
181,
170,
183,
183,
228,
243,
244,
195,
214,
216,
195,
214,
216,
157,
172,
172,
132,
149,
144,
140,
150,
147,
138,
152,
147,
126,
137,
126,
131,
142,
135,
130,
144,
140,
108,
124,
118,
89,
108,
104,
0,
0,
0,
0,
0,
0,
77,
99,
88,
60,
74,
67,
57,
64,
56,
65,
79,
68,
93,
109,
103,
101,
112,
109,
84,
94,
85,
113,
130,
124,
149,
163,
160,
149,
163,
160,
182,
192,
187,
197,
209,
207,
204,
215,
218,
236,
241,
242,
239,
246,
248,
194,
200,
202,
137,
144,
145,
221,
231,
231,
251,
254,
254,
244,
250,
251,
211,
224,
226,
164,
176,
175,
136,
146,
141,
137,
145,
142,
134,
142,
139,
112,
129,
124,
120,
137,
134,
118,
134,
128,
98,
114,
106,
104,
118,
119,
0,
0,
0,
0,
0,
0,
68,
86,
77,
78,
99,
91,
73,
84,
79,
57,
64,
55,
71,
82,
69,
94,
110,
102,
104,
114,
112,
90,
100,
94,
114,
128,
123,
187,
201,
200,
215,
222,
218,
225,
233,
228,
231,
240,
236,
251,
251,
242,
254,
255,
251,
202,
207,
206,
146,
156,
153,
247,
250,
249,
254,
254,
254,
252,
252,
253,
243,
251,
252,
194,
205,
205,
139,
147,
143,
137,
145,
142,
174,
191,
186,
158,
173,
171,
165,
186,
185,
165,
184,
183,
122,
142,
138,
106,
121,
122,
0,
0,
0,
0,
0,
0,
65,
86,
73,
83,
98,
91,
75,
86,
79,
60,
68,
56,
74,
85,
74,
96,
112,
107,
104,
114,
113,
111,
119,
115,
148,
159,
155,
207,
218,
216,
222,
227,
222,
231,
234,
227,
237,
241,
230,
251,
248,
233,
254,
254,
239,
205,
206,
200,
151,
154,
150,
248,
249,
247,
255,
255,
252,
255,
254,
254,
255,
254,
255,
246,
254,
253,
188,
205,
203,
179,
196,
193,
168,
175,
186,
168,
176,
184,
161,
170,
178,
158,
170,
179,
127,
142,
147,
109,
122,
125,
0,
0,
0,
0,
0,
0,
61,
87,
72,
82,
96,
88,
74,
88,
77,
63,
70,
58,
75,
86,
76,
98,
112,
109,
109,
118,
117,
190,
197,
195,
204,
216,
211,
214,
221,
215,
230,
233,
226,
235,
235,
229,
241,
241,
228,
244,
233,
215,
254,
247,
225,
207,
205,
189,
157,
156,
156,
249,
250,
240,
255,
254,
246,
255,
255,
253,
255,
254,
253,
253,
254,
254,
235,
244,
247,
185,
194,
203,
162,
166,
171,
160,
168,
168,
159,
162,
167,
154,
163,
171,
119,
130,
139,
120,
134,
134,
0,
0,
0,
0,
0,
0,
64,
86,
74,
81,
97,
87,
76,
94,
83,
65,
72,
60,
78,
86,
77,
105,
114,
109,
130,
135,
134,
190,
197,
195,
212,
218,
209,
217,
219,
211,
230,
229,
221,
234,
235,
227,
241,
236,
222,
248,
233,
218,
253,
238,
215,
205,
198,
177,
157,
155,
152,
250,
249,
228,
255,
254,
236,
255,
255,
248,
255,
254,
250,
255,
254,
254,
248,
253,
253,
197,
205,
208,
224,
230,
230,
184,
188,
199,
181,
188,
190,
176,
186,
188,
170,
183,
186,
112,
124,
119,
0,
0,
0,
0,
0,
0,
66,
86,
75,
80,
99,
90,
80,
98,
83,
69,
77,
63,
81,
88,
75,
111,
121,
112,
144,
148,
146,
214,
219,
216,
214,
215,
203,
219,
214,
199,
227,
220,
204,
235,
229,
214,
243,
231,
218,
249,
238,
223,
249,
238,
223,
244,
222,
196,
199,
181,
158,
161,
157,
151,
250,
245,
218,
255,
254,
231,
254,
255,
242,
255,
254,
248,
255,
254,
253,
250,
253,
248,
221,
229,
222,
151,
160,
157,
134,
141,
137,
132,
142,
137,
126,
137,
134,
121,
128,
130,
0,
0,
0,
0,
0,
0,
66,
79,
69,
74,
92,
80,
84,
95,
84,
84,
95,
84,
70,
78,
65,
84,
85,
73,
112,
120,
113,
144,
146,
144,
202,
203,
189,
213,
209,
191,
214,
202,
178,
199,
173,
151,
228,
201,
182,
245,
226,
203,
248,
232,
213,
238,
210,
182,
192,
169,
146,
159,
157,
151,
250,
245,
218,
254,
251,
221,
254,
255,
230,
254,
255,
243,
254,
255,
248,
251,
252,
244,
223,
231,
224,
184,
191,
189,
164,
165,
166,
165,
166,
168,
160,
165,
167,
119,
124,
122,
0,
0,
0,
0,
0,
0,
61,
73,
56,
71,
78,
65,
84,
97,
83,
93,
100,
86,
75,
79,
66,
86,
83,
73,
114,
117,
110,
144,
142,
135,
190,
186,
164,
210,
199,
176,
206,
188,
163,
186,
157,
131,
200,
169,
143,
230,
201,
177,
251,
228,
204,
231,
200,
173,
192,
174,
154,
159,
155,
151,
250,
243,
216,
253,
246,
215,
255,
252,
224,
255,
254,
234,
253,
254,
239,
243,
248,
236,
225,
230,
224,
187,
192,
190,
157,
159,
160,
155,
162,
162,
152,
160,
159,
119,
124,
122,
0,
0,
0,
0,
0,
0,
62,
81,
65,
84,
99,
82,
74,
87,
72,
91,
101,
87,
74,
78,
67,
85,
83,
71,
118,
120,
107,
136,
128,
114,
185,
170,
146,
204,
183,
158,
201,
178,
154,
195,
169,
140,
175,
142,
116,
193,
157,
131,
213,
183,
159,
221,
191,
165,
197,
180,
161,
162,
156,
149,
250,
240,
212,
254,
244,
213,
253,
247,
216,
254,
250,
220,
253,
249,
226,
240,
245,
228,
222,
224,
217,
162,
167,
167,
135,
139,
139,
124,
132,
128,
119,
123,
121,
111,
116,
118,
0,
0,
0,
0,
0,
0,
60,
74,
61,
63,
76,
60,
74,
87,
72,
87,
95,
86,
73,
79,
68,
81,
84,
71,
114,
113,
99,
133,
127,
109,
181,
160,
131,
194,
165,
143,
199,
167,
145,
190,
152,
123,
181,
141,
111,
157,
116,
86,
184,
147,
122,
238,
208,
178,
199,
181,
161,
163,
156,
145,
249,
236,
205,
254,
243,
208,
254,
248,
211,
254,
246,
211,
253,
246,
219,
247,
243,
225,
230,
232,
222,
189,
194,
194,
163,
174,
171,
163,
175,
172,
155,
168,
166,
155,
168,
166,
0,
0,
0,
0,
0,
0,
60,
69,
60,
61,
67,
55,
74,
79,
69,
95,
103,
94,
80,
84,
72,
88,
88,
77,
111,
107,
96,
141,
132,
115,
169,
148,
118,
186,
154,
131,
196,
165,
142,
180,
140,
110,
170,
128,
90,
157,
116,
86,
212,
175,
145,
240,
211,
173,
196,
179,
156,
164,
155,
143,
164,
155,
143,
252,
231,
193,
254,
244,
207,
254,
247,
208,
254,
245,
213,
254,
242,
217,
250,
247,
233,
232,
233,
224,
207,
210,
209,
192,
197,
199,
193,
198,
200,
179,
187,
192,
0,
0,
0,
0,
0,
0,
62,
76,
64,
70,
83,
69,
83,
93,
82,
94,
101,
92,
85,
87,
75,
93,
90,
79,
104,
100,
89,
125,
115,
100,
99,
94,
80,
148,
131,
107,
163,
131,
105,
124,
91,
76,
147,
104,
81,
176,
129,
90,
184,
141,
108,
220,
186,
152,
242,
207,
170,
195,
177,
153,
166,
155,
143,
250,
224,
190,
252,
242,
207,
254,
248,
214,
253,
244,
213,
255,
250,
231,
249,
248,
240,
225,
225,
217,
199,
201,
201,
188,
192,
195,
184,
189,
192,
171,
176,
181,
0,
0,
0,
0,
0,
0,
0,
0,
0,
70,
77,
64,
78,
88,
74,
77,
77,
66,
90,
93,
85,
87,
89,
77,
93,
91,
79,
96,
97,
84,
90,
85,
71,
134,
116,
96,
130,
98,
71,
111,
63,
45,
164,
112,
89,
178,
127,
94,
215,
178,
143,
233,
191,
150,
244,
203,
161,
198,
176,
150,
168,
156,
141,
248,
219,
190,
255,
239,
203,
254,
238,
202,
253,
244,
221,
253,
255,
245,
249,
248,
240,
201,
204,
197,
175,
180,
179,
175,
181,
182,
182,
189,
189,
159,
164,
166,
0,
0,
0,
0,
0,
0,
0,
0,
0,
70,
72,
60,
72,
77,
65,
75,
78,
66,
85,
91,
78,
87,
93,
79,
94,
93,
79,
100,
99,
87,
90,
92,
75,
105,
90,
75,
71,
48,
34,
166,
120,
85,
193,
151,
120,
195,
155,
125,
215,
153,
120,
244,
201,
158,
247,
199,
157,
196,
171,
144,
167,
152,
137,
250,
236,
209,
254,
247,
229,
253,
245,
228,
254,
252,
246,
255,
255,
254,
245,
244,
242,
172,
180,
178,
149,
160,
160,
150,
161,
158,
157,
169,
166,
142,
150,
153,
0,
0,
0,
0,
0,
0,
0,
0,
0,
73,
78,
67,
75,
79,
65,
71,
75,
64,
80,
80,
70,
90,
94,
79,
93,
92,
75,
97,
97,
83,
82,
83,
70,
80,
68,
52,
64,
52,
37,
137,
111,
83,
175,
140,
114,
182,
133,
103,
191,
123,
95,
224,
177,
134,
242,
189,
146,
197,
169,
142,
171,
155,
141,
255,
253,
241,
253,
254,
254,
253,
255,
253,
255,
255,
255,
252,
251,
248,
229,
232,
229,
153,
162,
164,
147,
156,
160,
141,
154,
154,
140,
157,
153,
124,
136,
132,
0,
0,
0,
0,
0,
0,
0,
0,
0,
66,
74,
62,
74,
80,
66,
67,
77,
63,
78,
81,
71,
87,
90,
78,
89,
86,
74,
93,
93,
80,
82,
83,
70,
60,
56,
39,
60,
57,
40,
72,
64,
48,
147,
123,
104,
177,
120,
95,
164,
125,
100,
195,
157,
119,
189,
154,
115,
162,
141,
118,
174,
162,
153,
255,
254,
247,
255,
255,
255,
255,
255,
254,
230,
229,
225,
230,
229,
225,
196,
196,
191,
138,
149,
143,
136,
147,
144,
134,
143,
143,
132,
146,
142,
128,
145,
140,
0,
0,
0,
0,
0,
0,
0,
0,
0,
61,
72,
59,
69,
79,
65,
49,
61,
43,
77,
85,
71,
86,
88,
77,
82,
80,
68,
87,
84,
65,
79,
76,
59,
62,
64,
51,
43,
44,
28,
48,
47,
27,
48,
47,
27,
87,
77,
57,
71,
63,
49,
85,
77,
60,
101,
92,
71,
100,
90,
73,
123,
115,
102,
173,
168,
158,
255,
254,
240,
226,
226,
219,
173,
174,
169,
138,
141,
137,
127,
133,
128,
144,
149,
146,
146,
152,
152,
143,
151,
152,
142,
149,
148,
139,
148,
149,
0,
0,
0,
0,
0,
0,
0,
0,
0,
0,
0,
0,
50,
65,
49,
62,
69,
54,
37,
42,
28,
82,
89,
74,
88,
90,
77,
81,
82,
65,
80,
81,
64,
85,
87,
75,
61,
59,
44,
46,
45,
24,
50,
49,
29,
59,
55,
36,
63,
63,
41,
67,
65,
44,
69,
69,
51,
90,
89,
77,
143,
138,
127,
172,
165,
156,
220,
215,
209,
149,
147,
144,
130,
131,
130,
137,
137,
139,
136,
138,
135,
136,
137,
134,
140,
144,
145,
141,
145,
148,
139,
146,
146,
142,
151,
150,
0,
0,
0,
0,
0,
0,
0,
0,
0,
0,
0,
0,
46,
64,
47,
58,
69,
52,
54,
64,
46,
80,
89,
76,
85,
91,
80,
79,
81,
64,
76,
77,
66,
72,
75,
57,
63,
65,
45,
58,
59,
35,
44,
45,
19,
59,
59,
33,
90,
86,
76,
93,
83,
72,
93,
84,
75,
112,
108,
104,
148,
142,
132,
169,
162,
155,
131,
129,
127,
126,
125,
124,
131,
131,
130,
134,
133,
132,
131,
128,
127,
112,
118,
110,
114,
121,
114,
115,
124,
117,
118,
127,
120,
121,
133,
127,
0,
0,
0,
0,
0,
0,
0,
0,
0,
0,
0,
0,
46,
63,
48,
54,
66,
51,
53,
64,
51,
79,
87,
70,
88,
94,
79,
75,
78,
63,
79,
78,
65,
71,
74,
58,
67,
70,
56,
63,
62,
51,
66,
66,
52,
84,
82,
68,
109,
104,
97,
109,
102,
98,
108,
99,
99,
113,
105,
105,
118,
108,
101,
135,
129,
122,
76,
77,
66,
81,
82,
71,
86,
90,
76,
93,
99,
87,
102,
105,
99,
109,
115,
108,
115,
122,
116,
114,
125,
119,
118,
127,
120,
112,
124,
119,
0,
0,
0,
0,
0,
0,
0,
0,
0,
0,
0,
0,
35,
49,
31,
54,
66,
51,
54,
66,
54,
80,
91,
72,
88,
96,
78,
75,
78,
64,
81,
81,
69,
67,
71,
54,
73,
74,
61,
77,
79,
67,
89,
89,
82,
101,
100,
93,
73,
74,
55,
67,
70,
50,
62,
62,
46,
68,
64,
52,
98,
89,
79,
104,
98,
90,
72,
73,
59,
74,
76,
63,
79,
84,
70,
90,
97,
85,
99,
105,
98,
103,
110,
101,
112,
121,
115,
116,
127,
121,
116,
127,
121,
120,
132,
123,
0,
0,
0,
0,
0,
0,
0,
0,
0,
0,
0,
0,
26,
38,
14,
44,
53,
36,
50,
61,
42,
68,
79,
66,
83,
92,
78,
73,
75,
60,
80,
82,
70,
55,
62,
44,
33,
39,
20,
37,
44,
23,
52,
55,
33,
70,
74,
54,
73,
74,
55,
63,
64,
45,
58,
58,
40,
58,
58,
40,
62,
61,
45,
92,
88,
75,
99,
98,
87,
66,
68,
54,
72,
74,
62,
78,
79,
70,
83,
89,
78,
91,
100,
87,
101,
111,
99,
109,
121,
111,
112,
124,
114,
121,
135,
127,
0,
0,
0,
0,
0,
0,
0,
0,
0,
0,
0,
0,
49,
62,
33,
51,
59,
39,
37,
50,
26,
58,
63,
47,
58,
63,
47,
82,
87,
75,
67,
67,
54,
77,
87,
74,
53,
62,
43,
39,
45,
24,
42,
47,
28,
47,
48,
28,
59,
62,
43,
61,
62,
49,
65,
62,
45,
60,
58,
41,
62,
58,
43,
88,
84,
72,
98,
97,
82,
60,
62,
47,
67,
67,
55,
74,
76,
65,
80,
86,
73,
0,
0,
0,
0,
0,
0,
0,
0,
0,
0,
0,
0,
0,
0,
0,
