# maxpool5 (shape [234, 1, 1]),
78,
91,
103,
72,
89,
67,
40,
66,
0,
114,
0,
0,
24,
71,
6,
24,
0,
100,
47,
37,
32,
40,
103,
75,
19,
36,
38,
40,
189,
96,
122,
9,
1,
47,
92,
0,
43,
22,
92,
12,
25,
29,
36,
42,
65,
67,
145,
15,
13,
39,
22,
0,
0,
25,
37,
96,
35,
11,
55,
80,
62,
0,
110,
16,
176,
142,
27,
11,
45,
130,
58,
117,
63,
19,
0,
108,
98,
56,
3,
40,
92,
51,
57,
54,
65,
38,
71,
22,
51,
130,
44,
98,
0,
21,
26,
2,
27,
156,
118,
55,
83,
142,
134,
129,
0,
24,
6,
50,
34,
64,
26,
121,
28,
133,
29,
59,
7,
92,
0,
83,
15,
8,
0,
7,
37,
0,
0,
0,
28,
68,
114,
106,
12,
4,
6,
33,
86,
126,
86,
43,
0,
0,
75,
96,
25,
105,
2,
44,
48,
41,
47,
92,
115,
36,
51,
159,
116,
39,
0,
4,
99,
13,
43,
88,
32,
187,
73,
44,
46,
50,
0,
0,
30,
126,
0,
66,
0,
4,
31,
29,
48,
158,
39,
86,
60,
47,
3,
78,
59,
32,
73,
0,
115,
34,
82,
26,
115,
46,
19,
27,
160,
98,
41,
27,
30,
38,
0,
63,
93,
66,
63,
142,
78,
3,
111,
53,
113,
52,
10,
0,
79,
0,
57,
30,
0,
126,
21,
13,
56,
19,
0,
71,
48,
39,
