# maxpool2 (shape [8, 8, 32]),
0,
129,
87,
17,
72,
24,
24,
0,
1,
168,
4,
129,
0,
0,
0,
2,
101,
5,
66,
14,
33,
75,
0,
103,
36,
67,
80,
140,
8,
184,
91,
23,
0,
24,
122,
0,
84,
39,
0,
0,
8,
86,
33,
149,
0,
0,
0,
0,
124,
104,
0,
19,
97,
89,
0,
97,
101,
68,
71,
163,
0,
251,
135,
52,
0,
86,
31,
0,
255,
38,
0,
0,
0,
165,
0,
111,
0,
0,
0,
0,
150,
57,
0,
0,
88,
135,
0,
14,
161,
0,
23,
176,
0,
0,
185,
154,
0,
0,
51,
0,
214,
45,
0,
0,
0,
134,
0,
92,
0,
0,
0,
0,
226,
90,
0,
0,
0,
95,
0,
0,
174,
0,
0,
183,
0,
0,
102,
255,
0,
0,
0,
0,
73,
0,
0,
169,
145,
67,
0,
0,
0,
15,
14,
0,
99,
182,
0,
0,
0,
151,
0,
149,
216,
0,
0,
155,
0,
0,
118,
224,
37,
0,
0,
0,
46,
0,
0,
163,
103,
68,
0,
0,
0,
62,
19,
13,
21,
255,
0,
38,
0,
123,
0,
188,
164,
32,
51,
241,
0,
0,
60,
17,
24,
0,
0,
0,
66,
0,
0,
63,
80,
42,
17,
0,
4,
59,
21,
0,
0,
209,
0,
9,
15,
124,
0,
169,
191,
28,
70,
237,
0,
0,
56,
0,
0,
0,
0,
0,
249,
0,
0,
0,
78,
118,
0,
0,
0,
0,
32,
0,
101,
248,
0,
0,
127,
36,
23,
162,
255,
79,
83,
144,
127,
0,
73,
134,
0,
85,
56,
0,
0,
106,
113,
159,
0,
156,
0,
96,
0,
0,
0,
0,
244,
0,
179,
0,
0,
110,
0,
33,
118,
8,
0,
0,
0,
0,
29,
255,
0,
0,
0,
0,
0,
0,
57,
117,
0,
255,
0,
0,
0,
8,
0,
0,
134,
0,
52,
0,
0,
1,
0,
121,
197,
53,
0,
0,
0,
0,
0,
255,
0,
0,
0,
0,
0,
0,
127,
210,
0,
55,
0,
0,
0,
0,
62,
0,
172,
0,
0,
0,
0,
0,
0,
62,
170,
17,
0,
0,
0,
0,
27,
255,
0,
32,
0,
0,
101,
0,
0,
113,
0,
32,
0,
13,
0,
0,
0,
60,
206,
15,
0,
0,
0,
5,
0,
103,
246,
8,
0,
0,
18,
0,
156,
255,
0,
0,
0,
5,
0,
0,
81,
181,
13,
0,
0,
0,
0,
0,
0,
58,
93,
97,
0,
0,
0,
0,
0,
111,
161,
113,
0,
29,
45,
0,
80,
255,
0,
0,
0,
0,
0,
0,
0,
153,
116,
12,
0,
0,
0,
0,
0,
40,
0,
187,
0,
33,
17,
0,
37,
112,
197,
129,
0,
70,
0,
0,
140,
164,
0,
0,
0,
43,
0,
0,
0,
68,
88,
37,
15,
0,
0,
10,
27,
42,
0,
125,
0,
30,
0,
0,
9,
101,
192,
100,
0,
25,
0,
0,
41,
115,
0,
0,
0,
0,
22,
0,
17,
23,
90,
0,
0,
0,
0,
0,
21,
0,
135,
109,
0,
12,
0,
0,
5,
80,
255,
147,
0,
0,
119,
0,
0,
203,
0,
0,
69,
0,
23,
188,
103,
145,
0,
145,
0,
106,
0,
0,
0,
0,
146,
0,
186,
0,
0,
51,
0,
18,
60,
0,
0,
0,
0,
0,
0,
255,
0,
0,
0,
0,
0,
28,
34,
71,
0,
139,
0,
22,
0,
0,
27,
0,
139,
0,
67,
0,
0,
0,
0,
23,
129,
117,
0,
0,
15,
0,
0,
255,
0,
32,
0,
0,
0,
20,
38,
117,
0,
0,
0,
61,
0,
0,
24,
0,
116,
0,
167,
62,
0,
13,
0,
39,
106,
8,
0,
33,
0,
0,
45,
255,
32,
45,
0,
0,
0,
0,
0,
165,
91,
0,
4,
0,
0,
117,
0,
75,
59,
22,
30,
87,
0,
192,
0,
132,
117,
149,
9,
100,
0,
0,
23,
143,
0,
0,
0,
0,
8,
6,
64,
255,
34,
102,
0,
0,
0,
29,
44,
0,
125,
45,
0,
0,
0,
10,
0,
85,
128,
62,
0,
15,
5,
0,
0,
255,
3,
0,
0,
0,
0,
0,
0,
194,
191,
63,
0,
0,
0,
85,
80,
21,
31,
173,
0,
0,
88,
0,
103,
252,
232,
146,
0,
80,
14,
0,
46,
174,
0,
0,
0,
0,
0,
0,
0,
65,
144,
0,
0,
0,
0,
0,
0,
0,
26,
177,
0,
27,
39,
0,
58,
221,
225,
107,
0,
75,
42,
0,
109,
171,
14,
0,
0,
0,
14,
0,
0,
0,
140,
0,
40,
0,
0,
0,
0,
77,
32,
210,
0,
60,
20,
0,
37,
98,
235,
144,
0,
70,
70,
0,
102,
123,
0,
0,
67,
0,
21,
161,
114,
223,
0,
123,
0,
141,
0,
0,
0,
0,
140,
0,
182,
0,
0,
46,
0,
0,
49,
0,
0,
0,
0,
0,
0,
237,
0,
0,
0,
0,
0,
132,
90,
69,
0,
50,
0,
68,
0,
6,
21,
0,
174,
0,
98,
20,
0,
0,
0,
0,
103,
101,
0,
0,
0,
0,
36,
250,
0,
0,
0,
0,
0,
0,
0,
113,
75,
83,
0,
21,
0,
60,
41,
74,
143,
0,
197,
7,
0,
98,
0,
64,
103,
66,
0,
36,
0,
0,
47,
210,
0,
0,
0,
0,
0,
0,
0,
118,
178,
144,
0,
0,
0,
77,
67,
21,
34,
12,
0,
22,
0,
0,
0,
27,
6,
175,
1,
88,
0,
0,
0,
154,
0,
0,
0,
0,
3,
107,
39,
145,
37,
159,
0,
0,
0,
16,
63,
0,
150,
0,
0,
0,
0,
0,
81,
0,
17,
13,
0,
0,
93,
0,
0,
255,
34,
0,
0,
0,
0,
0,
0,
255,
179,
122,
2,
0,
0,
64,
83,
5,
33,
0,
120,
0,
0,
35,
14,
143,
57,
62,
0,
31,
0,
0,
0,
212,
0,
0,
0,
0,
0,
0,
0,
38,
153,
0,
0,
0,
0,
12,
52,
68,
38,
32,
0,
28,
0,
20,
164,
221,
177,
56,
0,
34,
14,
0,
0,
156,
0,
0,
0,
0,
2,
0,
0,
21,
154,
72,
9,
0,
0,
0,
81,
11,
68,
126,
0,
0,
4,
0,
17,
113,
192,
147,
0,
103,
26,
0,
0,
96,
0,
0,
90,
0,
19,
189,
108,
156,
0,
118,
0,
156,
0,
0,
0,
0,
148,
0,
174,
0,
0,
49,
0,
0,
49,
0,
8,
0,
0,
0,
0,
217,
0,
16,
0,
0,
0,
29,
113,
37,
0,
52,
0,
48,
0,
47,
30,
0,
104,
0,
69,
69,
0,
0,
0,
0,
48,
93,
0,
0,
0,
0,
0,
235,
0,
0,
0,
0,
0,
55,
43,
161,
18,
13,
0,
0,
0,
28,
40,
51,
78,
0,
137,
5,
0,
0,
0,
0,
0,
34,
45,
0,
0,
0,
23,
206,
0,
191,
0,
0,
0,
46,
46,
63,
28,
78,
0,
0,
0,
14,
79,
1,
126,
0,
0,
0,
0,
0,
37,
0,
10,
4,
0,
34,
0,
0,
0,
255,
0,
108,
0,
0,
9,
91,
150,
116,
0,
104,
0,
0,
0,
0,
45,
0,
96,
0,
54,
0,
0,
0,
0,
0,
0,
28,
0,
0,
82,
0,
0,
255,
72,
0,
0,
0,
22,
35,
0,
255,
140,
100,
27,
0,
0,
78,
64,
0,
49,
0,
75,
0,
0,
0,
0,
0,
0,
99,
0,
75,
0,
0,
11,
208,
0,
0,
0,
0,
0,
0,
2,
68,
137,
3,
2,
0,
0,
38,
47,
65,
0,
0,
7,
0,
0,
0,
177,
153,
98,
51,
0,
49,
0,
0,
1,
117,
17,
0,
0,
1,
78,
0,
0,
21,
172,
36,
0,
0,
0,
0,
0,
0,
26,
181,
0,
24,
0,
0,
105,
199,
221,
134,
0,
109,
81,
0,
34,
76,
0,
0,
106,
28,
142,
246,
62,
182,
0,
143,
0,
153,
0,
0,
62,
0,
157,
0,
121,
0,
0,
9,
0,
0,
42,
0,
19,
0,
0,
0,
0,
173,
0,
0,
0,
0,
0,
0,
0,
42,
0,
153,
0,
0,
0,
37,
56,
0,
33,
0,
53,
1,
2,
0,
0,
0,
0,
93,
0,
7,
0,
0,
10,
182,
0,
66,
75,
0,
53,
139,
0,
6,
0,
0,
23,
52,
0,
18,
0,
46,
173,
0,
5,
0,
0,
0,
73,
0,
30,
0,
99,
0,
0,
0,
4,
203,
0,
207,
2,
0,
0,
86,
0,
63,
0,
92,
0,
0,
5,
0,
0,
0,
185,
0,
63,
0,
0,
0,
0,
0,
0,
0,
151,
52,
0,
0,
0,
243,
0,
0,
0,
0,
0,
0,
53,
205,
34,
68,
0,
0,
0,
51,
14,
0,
83,
0,
72,
0,
0,
0,
0,
0,
0,
72,
110,
102,
0,
0,
0,
252,
0,
0,
0,
0,
0,
25,
47,
255,
102,
0,
16,
0,
33,
24,
23,
133,
20,
9,
80,
0,
0,
23,
0,
11,
110,
79,
48,
51,
23,
0,
87,
181,
0,
0,
0,
19,
0,
0,
53,
50,
78,
0,
27,
0,
0,
19,
48,
182,
51,
32,
0,
0,
0,
0,
37,
116,
249,
55,
85,
11,
0,
0,
42,
166,
0,
0,
0,
70,
30,
0,
0,
146,
158,
89,
0,
0,
0,
0,
55,
51,
54,
159,
0,
0,
0,
22,
83,
145,
255,
145,
29,
33,
99,
0,
0,
138,
0,
40,
99,
41,
141,
178,
0,
34,
0,
68,
28,
140,
0,
0,
77,
0,
132,
0,
76,
0,
0,
0,
0,
0,
41,
0,
54,
0,
0,
0,
0,
159,
0,
0,
0,
0,
24,
0,
0,
61,
0,
189,
0,
0,
0,
0,
9,
0,
95,
0,
57,
0,
0,
0,
0,
0,
35,
47,
0,
5,
0,
0,
0,
244,
0,
51,
5,
0,
0,
71,
0,
28,
7,
96,
6,
0,
0,
30,
35,
0,
60,
0,
0,
0,
0,
0,
83,
52,
32,
13,
0,
4,
0,
0,
0,
140,
0,
50,
37,
0,
155,
225,
0,
55,
0,
103,
0,
33,
0,
0,
0,
0,
82,
0,
18,
0,
0,
0,
18,
41,
63,
0,
122,
0,
18,
0,
43,
127,
0,
74,
122,
0,
104,
67,
0,
0,
0,
68,
0,
74,
0,
0,
35,
6,
71,
0,
187,
0,
0,
0,
0,
0,
5,
0,
160,
168,
0,
0,
57,
127,
0,
102,
0,
0,
57,
0,
0,
66,
0,
0,
0,
0,
0,
16,
158,
180,
112,
0,
147,
0,
0,
57,
0,
0,
128,
4,
179,
65,
0,
0,
0,
201,
0,
188,
64,
41,
0,
0,
0,
0,
0,
6,
0,
0,
0,
74,
196,
0,
38,
20,
0,
0,
0,
0,
0,
75,
162,
63,
182,
71,
0,
0,
0,
124,
0,
0,
0,
0,
7,
0,
0,
68,
122,
69,
72,
0,
0,
0,
87,
51,
61,
116,
0,
0,
0,
0,
12,
81,
201,
123,
28,
6,
71,
0,
0,
83,
0,
15,
98,
54,
82,
196,
110,
33,
0,
21,
22,
129,
0,
0,
39,
0,
130,
0,
132,
29,
0,
83,
0,
0,
45,
0,
0,
0,
0,
0,
0,
136,
0,
0,
0,
0,
68,
60,
50,
32,
0,
81,
0,
0,
0,
10,
139,
10,
84,
0,
138,
0,
0,
0,
0,
0,
33,
37,
117,
47,
0,
0,
0,
219,
0,
0,
0,
0,
19,
0,
0,
17,
52,
87,
0,
0,
0,
0,
160,
18,
0,
19,
0,
0,
45,
0,
25,
63,
65,
69,
149,
35,
0,
11,
33,
163,
0,
0,
22,
0,
55,
24,
0,
0,
0,
121,
0,
0,
0,
0,
100,
29,
0,
27,
0,
0,
33,
34,
0,
53,
42,
56,
171,
148,
0,
0,
5,
55,
0,
15,
81,
0,
0,
4,
0,
0,
0,
0,
0,
1,
0,
72,
51,
1,
0,
0,
3,
0,
0,
0,
0,
0,
42,
5,
232,
94,
0,
25,
0,
41,
0,
93,
35,
0,
30,
0,
0,
0,
0,
0,
0,
0,
0,
14,
94,
0,
57,
0,
0,
0,
0,
0,
0,
0,
48,
0,
146,
21,
0,
0,
0,
137,
0,
0,
92,
45,
198,
14,
0,
0,
0,
62,
0,
44,
0,
27,
240,
0,
26,
0,
0,
0,
0,
46,
0,
0,
132,
92,
154,
123,
0,
0,
0,
99,
88,
0,
165,
76,
255,
46,
0,
0,
164,
90,
43,
35,
0,
0,
255,
0,
0,
65,
0,
0,
0,
110,
0,
33,
118,
148,
180,
119,
0,
0,
0,
23,
