# maxpool1 (shape [16, 16, 16]),
0,
0,
0,
0,
0,
0,
0,
0,
0,
0,
0,
0,
0,
1,
0,
5,
0,
0,
0,
0,
0,
0,
0,
0,
0,
0,
0,
0,
0,
1,
0,
5,
0,
0,
0,
0,
0,
0,
0,
0,
0,
0,
0,
0,
0,
1,
0,
5,
0,
0,
0,
0,
0,
0,
0,
0,
0,
0,
0,
0,
0,
1,
0,
5,
0,
255,
158,
0,
0,
0,
19,
0,
0,
111,
123,
0,
128,
255,
0,
5,
255,
255,
32,
58,
239,
111,
0,
132,
0,
0,
211,
67,
0,
138,
0,
74,
169,
255,
255,
255,
255,
121,
155,
39,
125,
169,
255,
51,
255,
255,
0,
61,
77,
255,
255,
152,
255,
51,
59,
118,
0,
255,
255,
139,
151,
205,
0,
19,
0,
255,
211,
25,
255,
0,
9,
0,
0,
255,
255,
203,
91,
250,
0,
0,
255,
255,
0,
242,
255,
125,
255,
255,
72,
255,
255,
239,
179,
0,
0,
63,
101,
255,
10,
78,
255,
24,
105,
16,
0,
255,
255,
161,
0,
106,
0,
9,
116,
255,
0,
112,
255,
46,
124,
65,
0,
225,
255,
159,
0,
86,
0,
20,
101,
255,
21,
76,
255,
19,
133,
4,
0,
255,
255,
177,
0,
123,
0,
4,
130,
255,
0,
126,
255,
40,
107,
45,
0,
255,
255,
180,
0,
65,
0,
14,
208,
255,
0,
147,
255,
74,
176,
138,
0,
255,
214,
201,
19,
46,
0,
38,
255,
255,
0,
255,
255,
197,
255,
255,
255,
255,
77,
177,
123,
0,
0,
115,
0,
73,
65,
8,
0,
0,
5,
0,
0,
44,
36,
0,
61,
120,
0,
5,
0,
255,
202,
6,
219,
38,
5,
0,
0,
65,
168,
30,
112,
165,
0,
0,
36,
255,
173,
26,
255,
0,
35,
0,
0,
233,
144,
123,
0,
139,
0,
0,
186,
255,
36,
130,
255,
58,
206,
66,
0,
245,
189,
162,
239,
178,
0,
31,
238,
121,
255,
0,
255,
132,
255,
0,
0,
226,
255,
117,
132,
0,
0,
0,
12,
255,
104,
0,
255,
124,
255,
201,
255,
255,
194,
190,
50,
151,
0,
0,
255,
190,
255,
178,
255,
255,
255,
255,
10,
63,
234,
166,
255,
0,
0,
0,
0,
29,
255,
0,
134,
16,
255,
208,
0,
238,
153,
100,
201,
0,
23,
0,
101,
0,
188,
0,
46,
255,
255,
57,
0,
46,
81,
110,
156,
12,
0,
0,
0,
0,
0,
0,
0,
27,
41,
243,
0,
193,
69,
157,
234,
129,
0,
0,
0,
0,
28,
0,
68,
0,
5,
0,
0,
105,
98,
134,
10,
0,
0,
0,
0,
9,
0,
0,
78,
0,
0,
65,
0,
90,
94,
152,
6,
0,
0,
0,
0,
0,
5,
0,
63,
0,
16,
0,
0,
27,
79,
154,
0,
0,
0,
0,
0,
0,
0,
0,
5,
88,
0,
85,
0,
44,
63,
152,
31,
0,
0,
0,
0,
83,
0,
0,
80,
66,
139,
204,
30,
122,
43,
167,
0,
0,
0,
0,
0,
255,
0,
0,
255,
92,
115,
255,
255,
255,
0,
224,
255,
0,
0,
57,
51,
0,
255,
0,
0,
93,
0,
0,
0,
49,
121,
0,
255,
131,
0,
5,
255,
149,
255,
0,
206,
194,
185,
173,
0,
160,
128,
87,
75,
0,
0,
0,
98,
0,
189,
0,
30,
229,
94,
0,
0,
36,
49,
55,
56,
11,
0,
0,
0,
128,
108,
0,
102,
2,
139,
225,
14,
105,
44,
126,
84,
0,
0,
0,
135,
0,
165,
0,
6,
255,
97,
107,
0,
212,
100,
87,
255,
119,
0,
0,
17,
0,
91,
0,
0,
160,
92,
185,
0,
30,
83,
128,
133,
15,
0,
0,
255,
255,
0,
255,
255,
255,
255,
255,
255,
255,
0,
174,
255,
128,
58,
0,
32,
0,
255,
0,
60,
255,
119,
0,
0,
198,
219,
92,
233,
152,
2,
0,
0,
0,
155,
0,
0,
0,
10,
194,
0,
0,
96,
125,
255,
0,
0,
0,
0,
0,
57,
0,
0,
0,
47,
220,
0,
36,
77,
144,
47,
0,
0,
0,
0,
0,
50,
0,
0,
0,
0,
11,
0,
0,
84,
112,
92,
0,
0,
0,
0,
0,
0,
0,
0,
0,
0,
90,
0,
8,
45,
122,
19,
0,
0,
0,
0,
0,
0,
0,
0,
44,
1,
0,
0,
28,
67,
129,
0,
0,
0,
0,
0,
0,
0,
0,
0,
0,
0,
67,
0,
34,
33,
135,
0,
0,
0,
0,
0,
0,
0,
0,
0,
5,
54,
122,
52,
43,
17,
168,
0,
0,
0,
0,
0,
77,
0,
0,
27,
4,
127,
220,
255,
177,
0,
200,
255,
0,
0,
57,
189,
0,
255,
0,
0,
90,
0,
0,
0,
0,
125,
0,
255,
1,
0,
5,
0,
0,
255,
0,
69,
97,
152,
231,
0,
40,
121,
106,
71,
0,
0,
0,
0,
0,
229,
0,
0,
68,
0,
50,
0,
0,
65,
46,
130,
0,
0,
0,
0,
0,
164,
0,
0,
37,
12,
33,
0,
44,
71,
119,
0,
0,
0,
0,
29,
0,
224,
0,
0,
45,
73,
103,
0,
8,
117,
66,
255,
0,
0,
0,
0,
0,
49,
0,
0,
0,
0,
111,
0,
66,
82,
112,
145,
0,
0,
0,
0,
251,
23,
255,
2,
0,
149,
255,
255,
194,
205,
165,
255,
212,
0,
0,
0,
89,
255,
0,
255,
38,
234,
0,
0,
0,
255,
145,
47,
0,
0,
0,
0,
0,
76,
0,
22,
0,
0,
255,
0,
12,
73,
167,
255,
0,
0,
0,
0,
0,
100,
0,
0,
0,
25,
92,
0,
63,
142,
127,
161,
23,
0,
0,
0,
121,
35,
0,
153,
30,
34,
52,
0,
73,
174,
160,
0,
0,
0,
0,
0,
96,
0,
0,
96,
22,
0,
190,
0,
0,
52,
169,
44,
0,
0,
0,
0,
0,
0,
0,
23,
23,
0,
6,
0,
42,
50,
131,
0,
0,
0,
0,
0,
0,
0,
0,
0,
1,
0,
109,
0,
0,
70,
112,
32,
0,
0,
0,
0,
38,
0,
0,
0,
34,
0,
137,
0,
64,
39,
130,
0,
0,
0,
0,
0,
90,
0,
0,
76,
47,
228,
188,
255,
177,
33,
198,
199,
0,
0,
74,
239,
0,
255,
0,
0,
109,
0,
0,
0,
0,
120,
0,
255,
1,
0,
5,
0,
47,
255,
0,
56,
92,
201,
220,
0,
62,
124,
94,
49,
0,
0,
0,
31,
0,
226,
0,
54,
121,
29,
106,
0,
0,
70,
74,
142,
0,
0,
0,
0,
0,
185,
0,
0,
37,
98,
11,
0,
131,
68,
103,
0,
0,
0,
0,
40,
0,
255,
0,
64,
156,
67,
127,
0,
0,
115,
83,
255,
0,
0,
0,
0,
8,
214,
0,
0,
0,
2,
0,
0,
207,
156,
90,
120,
0,
0,
0,
0,
156,
148,
0,
193,
0,
0,
255,
0,
155,
255,
111,
255,
0,
0,
0,
0,
180,
255,
0,
255,
0,
255,
0,
0,
93,
255,
133,
0,
0,
0,
0,
255,
255,
0,
0,
204,
74,
205,
255,
0,
217,
197,
164,
255,
0,
0,
0,
73,
0,
255,
0,
119,
190,
181,
0,
0,
131,
255,
105,
255,
22,
0,
0,
0,
53,
51,
0,
248,
0,
83,
150,
0,
136,
255,
187,
0,
0,
0,
0,
0,
139,
0,
0,
251,
0,
101,
255,
0,
79,
134,
215,
0,
0,
0,
0,
0,
0,
13,
0,
0,
0,
26,
255,
0,
28,
79,
135,
160,
0,
0,
0,
0,
116,
0,
0,
0,
24,
0,
87,
0,
50,
82,
109,
89,
0,
0,
0,
0,
94,
0,
0,
14,
63,
0,
86,
0,
88,
96,
145,
0,
0,
0,
0,
0,
123,
0,
0,
134,
115,
111,
255,
255,
147,
28,
194,
59,
0,
0,
97,
223,
0,
255,
0,
0,
93,
0,
0,
0,
0,
107,
0,
255,
1,
0,
5,
0,
0,
255,
0,
22,
190,
85,
32,
0,
113,
143,
88,
0,
0,
0,
0,
99,
33,
26,
0,
74,
104,
96,
164,
0,
33,
23,
82,
230,
0,
0,
0,
0,
0,
222,
0,
0,
226,
14,
0,
0,
28,
71,
58,
57,
0,
0,
0,
40,
201,
238,
0,
22,
138,
32,
65,
0,
120,
250,
70,
118,
104,
0,
0,
7,
0,
255,
0,
245,
255,
212,
0,
0,
74,
255,
95,
108,
7,
0,
0,
0,
0,
95,
0,
82,
0,
25,
0,
0,
0,
223,
114,
0,
0,
0,
0,
0,
0,
41,
0,
0,
0,
0,
0,
0,
0,
214,
86,
0,
0,
0,
0,
0,
0,
0,
0,
0,
0,
0,
255,
97,
77,
91,
146,
0,
0,
0,
0,
5,
0,
255,
0,
6,
0,
72,
212,
0,
15,
255,
51,
255,
0,
0,
0,
0,
0,
0,
0,
0,
0,
0,
0,
0,
44,
131,
121,
0,
0,
0,
0,
0,
255,
0,
0,
0,
0,
0,
255,
0,
255,
135,
165,
0,
0,
0,
0,
0,
192,
0,
0,
255,
68,
196,
255,
0,
130,
136,
194,
205,
0,
0,
0,
0,
0,
0,
0,
229,
15,
140,
97,
0,
99,
146,
175,
66,
0,
0,
0,
0,
0,
0,
0,
195,
0,
115,
103,
0,
198,
114,
208,
0,
0,
0,
0,
0,
145,
0,
0,
101,
0,
216,
255,
255,
214,
0,
220,
78,
0,
0,
90,
165,
0,
255,
0,
0,
96,
0,
0,
0,
0,
115,
0,
255,
1,
0,
5,
0,
0,
255,
0,
36,
134,
86,
0,
0,
0,
141,
78,
0,
0,
0,
0,
0,
0,
0,
0,
0,
7,
0,
127,
0,
37,
28,
83,
211,
0,
0,
0,
0,
0,
249,
0,
0,
48,
0,
0,
0,
0,
144,
31,
74,
0,
0,
0,
0,
0,
255,
0,
231,
28,
0,
0,
0,
181,
255,
67,
255,
0,
0,
0,
0,
0,
175,
0,
215,
0,
215,
0,
0,
0,
225,
92,
0,
0,
0,
0,
0,
0,
11,
0,
0,
0,
0,
0,
0,
5,
158,
73,
0,
0,
0,
0,
0,
0,
0,
0,
0,
0,
0,
13,
0,
19,
162,
46,
0,
0,
0,
0,
0,
136,
0,
0,
0,
0,
0,
255,
70,
37,
124,
35,
0,
46,
0,
0,
255,
0,
255,
0,
0,
109,
255,
255,
0,
0,
255,
0,
255,
0,
0,
0,
0,
0,
113,
0,
0,
0,
0,
0,
0,
141,
123,
68,
0,
0,
0,
0,
0,
0,
0,
0,
0,
0,
0,
0,
0,
83,
113,
130,
0,
0,
0,
0,
0,
133,
0,
0,
0,
0,
62,
255,
0,
168,
148,
170,
141,
0,
0,
0,
0,
117,
0,
0,
245,
28,
159,
248,
0,
42,
147,
187,
43,
0,
0,
0,
0,
92,
0,
0,
0,
0,
52,
24,
0,
130,
101,
150,
0,
0,
3,
0,
0,
180,
0,
0,
167,
0,
204,
255,
255,
255,
47,
229,
0,
20,
0,
146,
212,
0,
255,
0,
0,
95,
0,
0,
0,
0,
119,
0,
255,
1,
0,
5,
0,
0,
255,
0,
41,
160,
132,
0,
0,
12,
159,
65,
0,
0,
0,
0,
0,
16,
0,
0,
6,
1,
0,
158,
0,
72,
61,
64,
118,
0,
0,
0,
97,
0,
255,
0,
35,
239,
104,
59,
0,
0,
75,
21,
128,
9,
0,
0,
0,
0,
255,
0,
5,
255,
255,
0,
0,
106,
120,
51,
205,
60,
55,
0,
0,
0,
164,
0,
0,
0,
0,
0,
0,
113,
153,
41,
0,
0,
0,
0,
0,
0,
0,
0,
0,
213,
43,
111,
0,
0,
156,
0,
93,
105,
0,
0,
0,
0,
156,
0,
0,
53,
0,
0,
0,
99,
187,
0,
0,
33,
0,
0,
0,
0,
0,
0,
0,
0,
0,
255,
0,
109,
150,
0,
0,
0,
0,
0,
160,
124,
255,
0,
0,
255,
196,
255,
0,
0,
167,
0,
255,
168,
0,
0,
0,
0,
255,
0,
0,
0,
32,
0,
0,
53,
255,
0,
0,
0,
0,
0,
0,
0,
0,
0,
0,
0,
0,
0,
0,
0,
124,
49,
0,
0,
0,
0,
0,
0,
0,
0,
0,
0,
0,
229,
0,
113,
132,
111,
0,
0,
0,
0,
0,
88,
0,
0,
0,
0,
234,
255,
108,
126,
5,
152,
154,
119,
0,
0,
0,
0,
0,
0,
31,
198,
0,
173,
0,
76,
76,
125,
72,
118,
0,
0,
0,
148,
0,
0,
74,
245,
182,
255,
255,
208,
33,
190,
0,
48,
0,
166,
171,
0,
255,
0,
0,
88,
0,
0,
0,
0,
103,
0,
255,
1,
0,
5,
0,
0,
255,
0,
70,
139,
140,
0,
0,
31,
148,
32,
0,
0,
0,
0,
0,
0,
48,
0,
0,
72,
9,
12,
0,
51,
68,
38,
0,
0,
0,
0,
0,
0,
210,
0,
0,
28,
0,
162,
0,
0,
107,
24,
168,
0,
0,
0,
0,
0,
255,
0,
0,
74,
34,
0,
0,
0,
215,
0,
101,
0,
0,
0,
0,
0,
244,
0,
0,
75,
0,
0,
0,
6,
225,
0,
0,
0,
0,
0,
0,
0,
0,
0,
0,
0,
0,
252,
0,
42,
129,
0,
160,
34,
0,
0,
150,
0,
194,
0,
0,
200,
50,
108,
0,
0,
131,
0,
65,
6,
26,
0,
0,
0,
163,
0,
0,
36,
0,
168,
0,
135,
113,
0,
0,
223,
0,
0,
11,
0,
255,
0,
0,
0,
0,
226,
0,
16,
193,
0,
255,
0,
0,
0,
0,
0,
255,
0,
0,
0,
48,
0,
0,
0,
255,
0,
0,
0,
0,
0,
0,
0,
0,
0,
0,
0,
0,
0,
0,
0,
146,
0,
0,
0,
0,
0,
0,
0,
0,
0,
0,
0,
0,
23,
0,
0,
127,
63,
0,
0,
0,
0,
0,
46,
0,
0,
0,
0,
0,
255,
13,
42,
0,
149,
0,
82,
15,
0,
0,
53,
0,
0,
0,
90,
0,
226,
0,
0,
39,
121,
108,
59,
79,
0,
0,
203,
0,
0,
15,
130,
10,
255,
255,
255,
54,
182,
0,
106,
74,
159,
179,
0,
255,
0,
0,
80,
0,
0,
0,
0,
106,
0,
255,
1,
0,
5,
0,
0,
255,
0,
36,
195,
156,
0,
0,
5,
128,
22,
39,
0,
0,
0,
0,
0,
129,
0,
23,
89,
25,
0,
0,
25,
75,
37,
59,
0,
0,
0,
0,
0,
166,
0,
0,
32,
0,
148,
0,
1,
95,
25,
146,
0,
0,
0,
2,
0,
218,
0,
4,
55,
17,
0,
0,
0,
171,
0,
80,
0,
4,
0,
0,
0,
174,
0,
0,
26,
194,
0,
0,
52,
183,
0,
0,
0,
64,
0,
0,
0,
0,
0,
0,
0,
29,
201,
0,
54,
125,
0,
23,
54,
66,
0,
0,
0,
157,
0,
0,
70,
0,
201,
0,
117,
188,
0,
255,
254,
0,
0,
0,
0,
255,
0,
20,
112,
129,
0,
0,
67,
255,
0,
0,
79,
0,
0,
208,
138,
135,
0,
0,
34,
6,
255,
14,
19,
116,
0,
255,
50,
0,
0,
194,
0,
255,
0,
0,
255,
255,
0,
0,
148,
209,
0,
38,
88,
0,
0,
0,
0,
0,
0,
0,
0,
0,
0,
0,
0,
155,
0,
0,
0,
0,
0,
0,
0,
0,
0,
0,
0,
0,
0,
0,
0,
144,
0,
0,
0,
0,
0,
0,
157,
0,
0,
0,
0,
0,
255,
0,
108,
125,
111,
0,
0,
0,
0,
0,
95,
0,
0,
160,
0,
0,
189,
0,
79,
198,
137,
22,
0,
0,
0,
0,
255,
0,
0,
255,
0,
255,
255,
255,
255,
167,
255,
0,
0,
0,
96,
255,
82,
255,
152,
36,
151,
155,
53,
0,
0,
30,
3,
255,
1,
97,
5,
255,
0,
255,
0,
85,
255,
255,
0,
0,
175,
113,
0,
153,
190,
23,
0,
0,
0,
87,
0,
36,
131,
128,
0,
0,
23,
47,
24,
0,
29,
0,
0,
0,
0,
44,
0,
0,
0,
11,
106,
0,
52,
48,
5,
55,
0,
0,
0,
13,
0,
111,
0,
0,
81,
191,
0,
0,
0,
19,
0,
0,
0,
115,
0,
182,
0,
122,
0,
9,
228,
189,
121,
0,
0,
8,
0,
255,
127,
151,
0,
0,
8,
165,
0,
0,
44,
113,
177,
9,
88,
160,
0,
255,
255,
140,
0,
53,
4,
229,
0,
0,
0,
0,
0,
0,
98,
255,
0,
164,
165,
0,
0,
59,
0,
255,
0,
84,
126,
0,
0,
0,
0,
255,
0,
0,
4,
0,
0,
0,
70,
0,
0,
0,
0,
0,
222,
0,
70,
223,
0,
11,
0,
0,
0,
30,
0,
255,
0,
0,
0,
20,
3,
0,
0,
255,
0,
255,
0,
0,
0,
0,
0,
8,
0,
0,
0,
0,
0,
0,
0,
161,
0,
0,
0,
0,
0,
0,
0,
5,
0,
6,
0,
0,
0,
0,
0,
54,
70,
0,
0,
0,
0,
0,
0,
0,
0,
0,
0,
0,
255,
21,
0,
0,
144,
0,
0,
82,
0,
0,
0,
0,
0,
0,
0,
0,
144,
0,
42,
0,
120,
43,
0,
121,
0,
0,
87,
0,
0,
0,
0,
146,
255,
255,
255,
0,
244,
0,
0,
61,
151,
0,
0,
0,
0,
0,
0,
0,
0,
0,
0,
0,
0,
0,
1,
0,
5,
199,
0,
255,
0,
46,
93,
116,
0,
0,
17,
151,
0,
255,
0,
0,
0,
0,
0,
31,
0,
0,
79,
0,
0,
0,
0,
33,
7,
71,
0,
0,
0,
0,
0,
59,
0,
0,
63,
2,
0,
0,
16,
50,
0,
0,
0,
0,
0,
0,
0,
8,
0,
0,
5,
7,
0,
0,
7,
58,
0,
0,
0,
0,
0,
52,
0,
0,
0,
12,
78,
255,
176,
74,
0,
0,
0,
126,
80,
102,
0,
255,
0,
255,
0,
65,
160,
248,
184,
0,
180,
186,
0,
255,
255,
133,
0,
19,
0,
190,
0,
120,
0,
119,
56,
0,
98,
175,
0,
3,
62,
59,
0,
115,
0,
200,
0,
0,
32,
15,
0,
0,
76,
255,
0,
232,
42,
0,
0,
0,
0,
0,
0,
0,
0,
0,
170,
0,
74,
99,
0,
41,
34,
3,
0,
0,
0,
255,
0,
76,
0,
19,
0,
0,
60,
174,
0,
255,
0,
0,
0,
0,
0,
0,
0,
111,
0,
0,
23,
0,
35,
11,
130,
0,
0,
0,
0,
0,
0,
0,
0,
86,
0,
8,
47,
0,
12,
8,
122,
0,
0,
5,
0,
0,
0,
0,
0,
0,
0,
59,
255,
163,
82,
0,
165,
255,
62,
110,
0,
0,
0,
0,
0,
0,
71,
0,
140,
0,
45,
0,
122,
49,
0,
93,
0,
0,
78,
0,
0,
0,
54,
52,
255,
255,
255,
0,
217,
0,
21,
92,
135,
0,
0,
0,
0,
0,
0,
0,
0,
0,
0,
0,
0,
0,
1,
0,
5,
255,
0,
255,
0,
73,
152,
255,
0,
0,
0,
118,
1,
255,
0,
69,
0,
102,
0,
57,
0,
0,
160,
24,
90,
0,
172,
0,
26,
107,
29,
90,
0,
0,
0,
113,
0,
0,
61,
117,
0,
0,
99,
37,
5,
0,
0,
1,
0,
0,
0,
0,
0,
0,
55,
0,
52,
0,
4,
30,
0,
0,
0,
0,
0,
16,
114,
0,
0,
0,
60,
20,
200,
13,
52,
12,
0,
11,
63,
2,
0,
255,
0,
255,
144,
88,
255,
187,
150,
0,
0,
7,
0,
255,
0,
215,
0,
255,
0,
226,
56,
0,
255,
130,
3,
0,
154,
0,
0,
0,
141,
255,
0,
255,
0,
148,
157,
0,
255,
215,
27,
0,
48,
0,
0,
241,
133,
255,
0,
0,
0,
182,
0,
0,
249,
0,
0,
0,
55,
0,
0,
198,
233,
255,
0,
192,
0,
255,
0,
0,
255,
255,
0,
0,
97,
142,
0,
255,
17,
192,
0,
0,
0,
60,
0,
0,
13,
255,
227,
131,
145,
0,
129,
0,
0,
255,
0,
0,
0,
0,
0,
0,
255,
121,
255,
0,
51,
0,
145,
66,
255,
255,
0,
0,
0,
0,
0,
0,
255,
0,
255,
67,
222,
28,
98,
255,
224,
255,
0,
0,
0,
0,
0,
0,
5,
0,
3,
0,
42,
56,
103,
0,
0,
0,
0,
0,
161,
0,
0,
25,
20,
152,
255,
255,
232,
57,
200,
0,
0,
0,
108,
0,
0,
0,
0,
0,
0,
0,
0,
0,
0,
0,
0,
0,
1,
0,
5,
255,
73,
255,
146,
39,
255,
149,
52,
0,
0,
83,
0,
255,
156,
96,
5,
0,
56,
255,
0,
28,
151,
77,
103,
0,
69,
98,
31,
0,
0,
19,
0,
188,
0,
164,
0,
24,
255,
127,
65,
0,
7,
68,
0,
255,
96,
0,
0,
0,
0,
0,
0,
3,
9,
0,
88,
0,
27,
12,
15,
14,
0,
0,
0,
0,
0,
0,
0,
58,
76,
21,
51,
10,
107,
23,
1,
0,
9,
0,
0,
40,
79,
0,
0,
2,
59,
22,
240,
0,
59,
43,
0,
66,
0,
0,
0,
27,
59,
180,
0,
13,
126,
84,
7,
0,
0,
139,
0,
123,
105,
0,
0,
41,
57,
106,
0,
126,
106,
0,
6,
0,
52,
147,
0,
0,
32,
0,
0,
26,
0,
255,
0,
171,
156,
33,
0,
0,
0,
139,
0,
156,
38,
0,
0,
255,
0,
255,
0,
120,
116,
255,
0,
0,
0,
178,
8,
5,
0,
199,
0,
17,
0,
0,
0,
0,
255,
255,
255,
175,
143,
0,
59,
163,
255,
255,
0,
0,
0,
5,
0,
0,
60,
25,
150,
0,
72,
24,
62,
60,
199,
143,
0,
0,
0,
0,
0,
0,
42,
41,
58,
0,
65,
23,
65,
11,
29,
75,
0,
0,
0,
0,
0,
0,
103,
0,
0,
0,
27,
0,
84,
0,
0,
42,
0,
0,
55,
0,
0,
0,
95,
172,
255,
255,
255,
0,
180,
0,
0,
31,
108,
0,
0,
0,
0,
0,
0,
0,
0,
0,
0,
0,
0,
0,
1,
0,
5,
176,
0,
255,
32,
5,
94,
0,
0,
0,
0,
82,
0,
255,
1,
0,
5,
0,
0,
255,
0,
35,
215,
134,
0,
0,
26,
104,
15,
0,
0,
0,
0,
0,
0,
143,
0,
0,
75,
51,
0,
0,
0,
68,
1,
182,
0,
0,
0,
0,
0,
0,
0,
0,
4,
10,
114,
0,
27,
24,
20,
93,
0,
0,
0,
18,
0,
0,
0,
0,
80,
0,
108,
0,
6,
25,
17,
23,
0,
9,
0,
0,
6,
48,
0,
0,
31,
43,
38,
0,
74,
52,
3,
38,
0,
44,
0,
83,
22,
122,
0,
222,
0,
255,
0,
0,
90,
102,
0,
98,
0,
24,
0,
96,
0,
13,
34,
220,
210,
234,
61,
0,
66,
39,
18,
0,
127,
94,
0,
74,
0,
134,
39,
0,
255,
194,
16,
0,
29,
0,
0,
60,
156,
118,
0,
0,
0,
158,
0,
0,
95,
128,
0,
107,
92,
0,
0,
0,
180,
160,
0,
19,
0,
23,
141,
4,
231,
42,
255,
0,
18,
49,
0,
255,
255,
201,
0,
0,
0,
81,
0,
0,
232,
0,
0,
0,
0,
18,
1,
0,
137,
105,
0,
0,
0,
61,
0,
0,
113,
5,
0,
0,
16,
14,
37,
4,
22,
23,
0,
0,
0,
52,
0,
0,
0,
0,
0,
0,
17,
22,
71,
0,
0,
0,
0,
0,
123,
0,
0,
1,
0,
109,
255,
255,
201,
26,
156,
0,
0,
0,
85,
0,
0,
0,
0,
0,
0,
0,
0,
0,
0,
0,
0,
0,
1,
0,
5,
207,
6,
207,
47,
28,
128,
0,
0,
0,
0,
103,
15,
255,
42,
11,
5,
11,
4,
255,
0,
152,
227,
253,
0,
35,
55,
128,
17,
0,
0,
168,
0,
60,
0,
132,
0,
0,
157,
182,
9,
0,
0,
38,
12,
137,
0,
255,
0,
0,
0,
42,
0,
0,
218,
134,
106,
0,
159,
0,
36,
27,
0,
255,
0,
0,
138,
0,
5,
0,
70,
114,
188,
37,
255,
15,
58,
10,
45,
255,
0,
230,
0,
26,
185,
0,
255,
131,
219,
13,
217,
0,
44,
109,
72,
211,
0,
77,
0,
103,
0,
0,
255,
157,
0,
0,
0,
0,
4,
7,
77,
255,
0,
0,
0,
19,
0,
0,
102,
30,
72,
0,
114,
0,
24,
0,
29,
255,
0,
38,
0,
40,
0,
0,
72,
96,
51,
0,
118,
21,
20,
50,
0,
250,
0,
88,
0,
154,
0,
0,
215,
200,
0,
0,
28,
72,
23,
163,
53,
255,
0,
47,
5,
0,
0,
17,
60,
225,
235,
117,
193,
18,
41,
255,
0,
255,
0,
0,
0,
73,
0,
0,
96,
101,
0,
0,
49,
21,
35,
0,
0,
255,
0,
255,
0,
0,
255,
9,
255,
255,
255,
225,
174,
0,
82,
248,
255,
255,
26,
246,
0,
67,
255,
0,
255,
147,
0,
14,
111,
0,
84,
0,
255,
255,
100,
242,
0,
29,
255,
0,
255,
255,
33,
255,
255,
0,
107,
30,
255,
255,
152,
