# maxpool3 (shape [4, 4, 64]),
0,
6,
55,
0,
67,
0,
85,
68,
37,
42,
0,
82,
69,
0,
125,
196,
0,
0,
57,
0,
0,
163,
0,
4,
55,
32,
39,
91,
11,
0,
53,
0,
0,
34,
3,
73,
1,
82,
4,
31,
0,
1,
84,
0,
43,
133,
101,
0,
45,
35,
0,
51,
0,
49,
0,
0,
0,
30,
11,
62,
12,
0,
73,
0,
0,
0,
74,
39,
0,
0,
0,
56,
0,
54,
61,
91,
74,
9,
131,
43,
0,
8,
75,
5,
38,
155,
0,
0,
52,
39,
51,
25,
0,
0,
13,
53,
61,
0,
12,
105,
0,
0,
0,
0,
0,
0,
104,
4,
130,
112,
74,
0,
19,
0,
0,
0,
0,
167,
0,
0,
12,
45,
56,
0,
50,
42,
0,
0,
0,
0,
69,
0,
0,
0,
0,
71,
0,
99,
90,
153,
0,
18,
53,
0,
124,
30,
16,
0,
26,
152,
0,
0,
85,
46,
133,
0,
17,
0,
34,
7,
29,
0,
0,
177,
0,
0,
0,
0,
82,
61,
154,
32,
153,
59,
0,
0,
2,
0,
4,
0,
59,
44,
0,
0,
0,
11,
107,
32,
71,
0,
0,
0,
2,
2,
49,
0,
0,
0,
0,
0,
0,
36,
0,
68,
3,
2,
0,
0,
108,
18,
11,
0,
47,
41,
0,
0,
45,
9,
89,
3,
54,
35,
47,
16,
0,
0,
0,
142,
0,
0,
5,
0,
91,
85,
78,
16,
71,
6,
0,
35,
8,
19,
9,
0,
0,
86,
0,
0,
0,
0,
40,
0,
47,
25,
3,
0,
71,
5,
24,
62,
0,
0,
143,
18,
0,
22,
100,
0,
0,
0,
96,
187,
0,
28,
0,
0,
0,
226,
0,
32,
35,
13,
0,
80,
0,
68,
0,
51,
16,
24,
14,
43,
0,
69,
0,
0,
3,
0,
83,
19,
0,
69,
0,
0,
27,
60,
0,
0,
0,
135,
0,
0,
0,
96,
0,
101,
96,
14,
0,
0,
0,
0,
73,
44,
0,
0,
74,
96,
0,
17,
72,
137,
0,
56,
101,
107,
76,
0,
0,
110,
0,
229,
0,
29,
7,
19,
23,
49,
0,
48,
33,
72,
34,
48,
27,
175,
0,
46,
0,
0,
83,
0,
132,
0,
0,
80,
23,
0,
44,
36,
0,
7,
32,
107,
0,
0,
2,
97,
29,
42,
113,
18,
0,
0,
7,
0,
76,
0,
0,
0,
34,
126,
26,
191,
106,
46,
0,
0,
0,
0,
0,
6,
70,
43,
22,
229,
0,
0,
75,
81,
111,
121,
0,
80,
0,
0,
66,
46,
0,
146,
0,
21,
0,
0,
44,
0,
142,
45,
112,
92,
9,
0,
0,
63,
60,
27,
109,
0,
0,
0,
16,
43,
96,
153,
141,
0,
0,
60,
33,
0,
49,
0,
0,
0,
43,
61,
0,
153,
44,
0,
0,
25,
0,
0,
0,
0,
104,
0,
63,
53,
0,
0,
69,
68,
89,
0,
0,
36,
29,
12,
6,
0,
0,
74,
5,
0,
0,
0,
67,
37,
4,
67,
124,
57,
2,
12,
0,
0,
60,
54,
88,
40,
0,
0,
0,
7,
118,
153,
66,
82,
9,
35,
54,
1,
0,
41,
35,
0,
135,
0,
0,
37,
94,
14,
0,
19,
65,
148,
0,
20,
0,
29,
0,
214,
0,
31,
19,
35,
0,
51,
0,
55,
0,
67,
0,
30,
3,
20,
0,
48,
0,
0,
5,
0,
92,
11,
11,
81,
0,
0,
0,
48,
0,
0,
0,
33,
0,
0,
10,
88,
0,
47,
104,
22,
0,
0,
31,
0,
70,
47,
0,
0,
118,
90,
17,
0,
79,
12,
0,
0,
22,
62,
0,
0,
33,
70,
1,
175,
0,
0,
0,
16,
0,
57,
0,
33,
0,
42,
98,
53,
28,
25,
35,
37,
15,
0,
0,
0,
72,
32,
14,
51,
20,
0,
52,
58,
0,
0,
0,
135,
0,
0,
41,
113,
0,
76,
33,
33,
0,
0,
8,
0,
37,
16,
0,
0,
75,
92,
29,
8,
79,
46,
0,
0,
32,
86,
0,
65,
0,
38,
0,
243,
0,
35,
0,
53,
58,
81,
0,
64,
20,
62,
75,
28,
35,
43,
0,
5,
0,
0,
59,
0,
155,
0,
0,
0,
0,
0,
21,
70,
15,
0,
22,
68,
0,
0,
0,
130,
10,
48,
121,
0,
0,
0,
71,
35,
31,
0,
1,
0,
45,
67,
4,
123,
62,
0,
0,
0,
0,
0,
6,
52,
55,
0,
16,
75,
0,
0,
61,
39,
140,
0,
0,
58,
0,
21,
0,
0,
0,
51,
0,
37,
0,
0,
152,
37,
43,
85,
101,
62,
6,
0,
12,
0,
54,
77,
138,
16,
0,
0,
0,
89,
139,
172,
116,
0,
0,
0,
72,
0,
63,
39,
34,
0,
140,
8,
0,
16,
92,
6,
0,
14,
14,
153,
0,
0,
23,
0,
23,
134,
6,
8,
42,
12,
0,
52,
0,
66,
0,
26,
78,
0,
0,
3,
0,
60,
0,
0,
0,
0,
19,
53,
0,
106,
24,
0,
31,
44,
0,
0,
0,
126,
0,
0,
11,
52,
0,
61,
29,
75,
8,
0,
38,
0,
95,
15,
0,
0,
139,
28,
0,
31,
33,
0,
0,
25,
0,
70,
0,
0,
38,
0,
109,
106,
0,
0,
29,
49,
18,
0,
13,
36,
0,
51,
103,
0,
42,
3,
41,
38,
1,
0,
44,
0,
0,
44,
38,
0,
10,
18,
18,
15,
92,
0,
0,
113,
0,
0,
0,
114,
1,
68,
35,
83,
100,
0,
0,
0,
52,
16,
0,
0,
141,
61,
33,
25,
34,
0,
0,
0,
22,
140,
29,
0,
45,
32,
86,
168,
0,
0,
54,
56,
0,
42,
76,
0,
0,
125,
56,
4,
82,
0,
12,
57,
0,
0,
60,
0,
65,
0,
48,
0,
0,
18,
75,
0,
138,
0,
0,
101,
41,
0,
0,
178,
51,
3,
26,
34,
111,
0,
0,
0,
25,
0,
79,
0,
4,
32,
78,
70,
60,
49,
0,
0,
0,
2,
39,
27,
36,
27,
50,
65,
0,
0,
65,
83,
0,
0,
91,
65,
40,
114,
0,
0,
31,
41,
51,
29,
0,
0,
35,
45,
1,
63,
1,
21,
20,
6,
7,
34,
37,
0,
0,
19,
0,
0,
0,
123,
71,
0,
9,
84,
135,
0,
