# block3.conv1.sn_input_layers.2.0 (shape [8, 8, 32]),
0,
0,
154,
0,
0,
0,
0,
49,
0,
74,
31,
5,
0,
0,
2,
0,
37,
52,
109,
0,
0,
50,
0,
0,
0,
36,
0,
0,
5,
0,
101,
0,
0,
0,
80,
7,
0,
0,
0,
55,
0,
77,
83,
116,
0,
1,
0,
0,
124,
89,
25,
6,
0,
69,
0,
0,
0,
54,
23,
0,
2,
0,
179,
0,
0,
0,
44,
10,
0,
0,
0,
61,
0,
86,
0,
102,
0,
0,
0,
3,
174,
38,
2,
10,
0,
113,
0,
0,
0,
14,
18,
0,
9,
15,
154,
0,
0,
27,
33,
10,
0,
0,
16,
82,
0,
42,
0,
110,
0,
7,
0,
4,
175,
107,
0,
0,
26,
95,
0,
0,
0,
48,
4,
0,
6,
4,
118,
0,
0,
34,
0,
8,
0,
0,
5,
154,
0,
33,
0,
59,
0,
54,
0,
19,
145,
165,
0,
0,
1,
126,
14,
0,
0,
171,
0,
0,
0,
4,
97,
0,
42,
42,
0,
9,
0,
6,
33,
116,
0,
27,
12,
0,
1,
118,
0,
20,
57,
136,
0,
0,
0,
121,
5,
0,
0,
177,
0,
0,
0,
4,
65,
0,
97,
42,
0,
0,
0,
6,
36,
42,
0,
59,
43,
0,
3,
74,
0,
14,
41,
84,
0,
9,
0,
118,
18,
0,
0,
165,
3,
0,
29,
4,
86,
0,
44,
42,
0,
6,
0,
6,
31,
5,
0,
18,
0,
0,
0,
0,
0,
9,
22,
37,
0,
5,
0,
56,
17,
0,
0,
155,
27,
94,
0,
4,
64,
0,
0,
0,
26,
13,
0,
0,
0,
121,
4,
207,
12,
49,
0,
4,
0,
0,
103,
14,
230,
9,
0,
83,
0,
0,
0,
4,
51,
0,
9,
0,
115,
0,
0,
15,
0,
12,
0,
0,
0,
115,
5,
99,
12,
83,
0,
12,
0,
0,
182,
50,
98,
0,
0,
12,
0,
0,
0,
98,
56,
21,
2,
0,
166,
0,
0,
17,
0,
10,
0,
16,
0,
148,
0,
55,
0,
23,
0,
0,
0,
17,
161,
24,
55,
0,
0,
0,
0,
0,
0,
45,
26,
24,
3,
0,
220,
79,
0,
7,
0,
9,
0,
18,
0,
177,
38,
18,
0,
45,
0,
13,
0,
36,
157,
100,
14,
0,
0,
0,
0,
0,
0,
197,
2,
15,
6,
4,
255,
154,
1,
27,
3,
5,
0,
14,
0,
240,
88,
14,
0,
13,
0,
0,
0,
68,
117,
207,
1,
7,
0,
0,
63,
0,
0,
122,
5,
43,
0,
4,
244,
94,
0,
42,
0,
0,
0,
4,
12,
179,
7,
31,
14,
0,
1,
38,
0,
49,
37,
201,
0,
2,
0,
0,
59,
0,
0,
172,
35,
0,
0,
4,
165,
0,
5,
42,
0,
0,
0,
6,
30,
71,
0,
40,
51,
0,
1,
3,
9,
39,
38,
61,
0,
0,
0,
0,
46,
0,
0,
129,
57,
104,
0,
4,
96,
0,
8,
42,
0,
3,
0,
6,
22,
14,
0,
6,
0,
0,
0,
0,
4,
16,
39,
39,
0,
0,
0,
0,
18,
0,
0,
109,
57,
100,
0,
4,
48,
35,
0,
32,
65,
10,
0,
0,
0,
175,
0,
201,
0,
51,
0,
2,
0,
0,
13,
0,
255,
0,
4,
46,
0,
0,
0,
33,
0,
0,
10,
4,
6,
126,
0,
31,
0,
10,
12,
0,
0,
154,
0,
41,
0,
72,
0,
0,
5,
3,
114,
0,
214,
0,
4,
0,
0,
0,
0,
106,
0,
0,
2,
4,
16,
155,
0,
19,
0,
10,
14,
0,
0,
185,
0,
0,
1,
48,
0,
56,
0,
23,
63,
10,
206,
0,
4,
1,
0,
0,
0,
122,
0,
0,
0,
4,
104,
163,
38,
13,
0,
10,
0,
0,
0,
227,
0,
45,
9,
44,
0,
186,
0,
73,
73,
52,
41,
17,
4,
134,
31,
0,
0,
159,
0,
0,
9,
4,
145,
160,
53,
34,
0,
11,
1,
0,
0,
255,
0,
46,
0,
1,
0,
44,
0,
70,
70,
161,
23,
54,
0,
43,
73,
0,
0,
0,
1,
61,
0,
4,
148,
123,
0,
42,
0,
12,
9,
0,
25,
202,
50,
12,
4,
0,
0,
126,
0,
38,
84,
250,
31,
5,
0,
0,
190,
0,
0,
1,
0,
0,
0,
4,
169,
70,
14,
42,
0,
16,
10,
6,
37,
67,
0,
0,
32,
0,
0,
0,
0,
50,
13,
167,
5,
0,
0,
0,
131,
0,
0,
14,
0,
14,
0,
4,
164,
81,
16,
42,
0,
15,
0,
6,
35,
14,
0,
0,
103,
0,
0,
0,
0,
48,
0,
76,
0,
24,
7,
0,
61,
0,
0,
79,
0,
22,
0,
4,
101,
89,
0,
41,
70,
10,
0,
0,
0,
175,
0,
113,
0,
55,
0,
0,
9,
0,
53,
0,
255,
0,
4,
37,
0,
7,
0,
11,
0,
0,
7,
4,
13,
132,
0,
39,
0,
10,
11,
0,
0,
124,
0,
35,
0,
132,
0,
42,
1,
18,
156,
0,
255,
0,
4,
0,
0,
15,
0,
77,
0,
0,
7,
4,
52,
155,
0,
19,
0,
10,
10,
0,
0,
165,
37,
62,
0,
75,
0,
155,
0,
37,
126,
8,
183,
55,
4,
65,
14,
0,
0,
0,
0,
0,
6,
4,
64,
105,
0,
0,
0,
10,
12,
0,
0,
189,
52,
132,
0,
16,
0,
146,
0,
76,
97,
22,
1,
60,
4,
39,
51,
0,
16,
0,
4,
0,
23,
4,
35,
68,
0,
0,
0,
10,
10,
0,
0,
255,
0,
110,
5,
0,
0,
35,
3,
19,
51,
32,
103,
24,
0,
0,
72,
31,
0,
0,
1,
101,
0,
4,
19,
90,
25,
16,
0,
10,
12,
0,
23,
237,
126,
0,
5,
0,
0,
119,
0,
29,
97,
104,
118,
0,
0,
21,
243,
0,
0,
39,
0,
0,
0,
4,
62,
106,
80,
42,
0,
10,
32,
0,
38,
66,
0,
14,
9,
0,
0,
0,
0,
37,
55,
132,
11,
12,
0,
22,
232,
0,
0,
13,
0,
2,
0,
4,
96,
106,
0,
42,
0,
10,
7,
6,
38,
18,
0,
13,
38,
0,
0,
0,
0,
74,
44,
117,
0,
42,
0,
3,
115,
0,
0,
72,
0,
0,
0,
4,
62,
73,
0,
39,
93,
0,
0,
0,
0,
164,
0,
80,
0,
85,
0,
23,
0,
0,
30,
0,
240,
0,
4,
38,
0,
9,
0,
15,
0,
0,
8,
4,
11,
146,
0,
30,
0,
8,
52,
0,
0,
107,
31,
17,
2,
144,
0,
105,
0,
18,
91,
0,
213,
3,
4,
0,
28,
14,
0,
49,
0,
0,
8,
4,
41,
164,
0,
0,
29,
10,
12,
0,
0,
130,
125,
87,
0,
42,
0,
70,
27,
52,
68,
1,
91,
46,
4,
7,
26,
0,
16,
0,
0,
0,
8,
4,
42,
117,
0,
0,
0,
10,
21,
0,
0,
144,
101,
125,
0,
8,
1,
19,
18,
46,
81,
5,
47,
16,
4,
0,
33,
15,
40,
0,
0,
0,
9,
4,
15,
94,
0,
0,
0,
10,
0,
0,
0,
253,
12,
101,
20,
0,
0,
43,
28,
10,
68,
0,
173,
3,
4,
0,
38,
27,
12,
73,
0,
33,
0,
4,
0,
121,
72,
29,
0,
10,
0,
0,
0,
239,
154,
3,
76,
0,
10,
146,
12,
33,
67,
0,
77,
2,
4,
1,
158,
35,
0,
66,
0,
0,
0,
4,
0,
111,
148,
42,
0,
1,
6,
0,
11,
94,
15,
15,
0,
0,
0,
25,
5,
90,
5,
90,
0,
7,
3,
0,
255,
0,
0,
42,
0,
3,
9,
4,
17,
58,
20,
42,
0,
0,
0,
6,
34,
46,
0,
14,
0,
0,
0,
0,
10,
77,
0,
141,
0,
1,
3,
0,
202,
0,
0,
90,
0,
0,
0,
4,
24,
14,
0,
36,
97,
0,
0,
0,
0,
127,
0,
137,
0,
109,
0,
32,
0,
0,
10,
0,
166,
6,
3,
9,
0,
9,
0,
2,
0,
0,
8,
4,
3,
104,
0,
16,
13,
2,
22,
0,
3,
82,
5,
7,
6,
115,
0,
83,
0,
13,
118,
0,
90,
39,
3,
0,
77,
24,
26,
11,
0,
0,
8,
4,
15,
129,
0,
0,
62,
10,
13,
0,
35,
72,
22,
48,
58,
15,
2,
21,
32,
38,
142,
0,
28,
13,
5,
0,
64,
2,
12,
0,
7,
0,
9,
4,
7,
170,
0,
0,
33,
10,
34,
0,
0,
119,
14,
92,
0,
11,
4,
14,
40,
23,
161,
0,
138,
0,
4,
0,
43,
0,
35,
0,
16,
0,
0,
4,
0,
227,
0,
0,
35,
10,
61,
0,
0,
207,
55,
38,
19,
8,
15,
106,
1,
38,
101,
4,
212,
0,
4,
0,
12,
0,
0,
0,
22,
0,
0,
4,
31,
204,
0,
0,
0,
4,
29,
0,
0,
189,
144,
0,
70,
9,
29,
61,
0,
97,
39,
18,
101,
0,
4,
16,
28,
43,
0,
0,
0,
97,
0,
4,
79,
131,
29,
0,
25,
0,
24,
0,
0,
93,
57,
42,
75,
0,
0,
19,
0,
192,
44,
97,
0,
2,
4,
0,
139,
0,
0,
48,
0,
54,
0,
4,
67,
81,
0,
0,
0,
0,
0,
6,
24,
78,
41,
20,
0,
0,
0,
0,
0,
89,
32,
150,
0,
13,
4,
14,
160,
0,
0,
70,
22,
18,
0,
4,
29,
47,
0,
21,
90,
0,
0,
0,
0,
77,
0,
177,
72,
110,
0,
10,
0,
0,
29,
0,
163,
0,
3,
1,
0,
9,
0,
0,
17,
0,
8,
4,
3,
94,
0,
23,
0,
1,
2,
0,
15,
61,
0,
76,
0,
102,
0,
31,
0,
4,
109,
0,
71,
5,
0,
0,
63,
31,
11,
33,
13,
0,
8,
4,
0,
107,
0,
0,
17,
10,
1,
19,
35,
40,
0,
58,
24,
2,
1,
39,
0,
23,
51,
0,
36,
0,
3,
0,
94,
0,
0,
76,
30,
30,
10,
1,
12,
141,
0,
0,
125,
10,
0,
0,
34,
69,
9,
76,
0,
0,
2,
0,
0,
12,
68,
0,
157,
0,
15,
0,
67,
0,
0,
40,
82,
0,
1,
6,
50,
211,
0,
0,
113,
10,
0,
0,
24,
102,
65,
0,
4,
53,
8,
34,
0,
56,
120,
0,
255,
0,
10,
0,
6,
0,
0,
0,
85,
0,
0,
0,
81,
222,
0,
0,
36,
0,
3,
0,
29,
98,
92,
0,
15,
32,
15,
49,
0,
135,
96,
17,
108,
0,
4,
27,
1,
21,
0,
0,
70,
120,
7,
7,
76,
167,
0,
0,
100,
0,
76,
7,
31,
69,
53,
64,
64,
0,
0,
107,
0,
170,
77,
90,
0,
0,
4,
0,
21,
0,
0,
92,
105,
16,
3,
4,
35,
134,
0,
19,
31,
0,
54,
0,
43,
57,
74,
22,
187,
7,
0,
0,
0,
63,
43,
122,
0,
0,
4,
0,
45,
0,
0,
93,
57,
84,
0,
4,
6,
97,
0,
30,
52,
0,
0,
0,
0,
35,
0,
116,
67,
95,
0,
5,
25,
2,
62,
0,
208,
0,
4,
58,
0,
9,
0,
0,
3,
0,
8,
4,
0,
202,
0,
36,
0,
5,
0,
0,
0,
34,
3,
104,
0,
87,
0,
23,
0,
7,
96,
9,
100,
15,
0,
20,
18,
17,
0,
0,
0,
0,
8,
2,
12,
255,
0,
35,
4,
10,
0,
16,
25,
26,
9,
89,
1,
0,
0,
6,
0,
16,
29,
24,
6,
0,
0,
0,
43,
0,
0,
0,
28,
0,
7,
0,
37,
213,
0,
28,
32,
10,
0,
72,
39,
12,
0,
37,
0,
0,
0,
29,
0,
17,
0,
9,
68,
0,
3,
23,
40,
0,
0,
0,
96,
0,
7,
0,
56,
153,
0,
4,
58,
10,
0,
50,
39,
16,
0,
0,
0,
23,
0,
119,
56,
24,
3,
0,
31,
0,
12,
5,
5,
0,
0,
0,
177,
0,
5,
0,
36,
171,
0,
0,
67,
0,
0,
19,
39,
12,
0,
22,
0,
0,
0,
43,
106,
78,
17,
2,
0,
0,
4,
2,
0,
14,
0,
0,
193,
42,
8,
5,
9,
201,
0,
1,
149,
0,
0,
4,
39,
17,
52,
80,
52,
6,
0,
53,
17,
26,
39,
53,
0,
0,
4,
18,
0,
1,
0,
0,
155,
0,
2,
4,
0,
158,
104,
29,
112,
0,
0,
0,
39,
12,
97,
19,
140,
43,
0,
0,
0,
21,
1,
86,
0,
0,
4,
89,
3,
0,
0,
0,
114,
44,
4,
4,
0,
78,
