# block4.conv1.sn_input_layers.2.0 (shape [4, 4, 64]),
0,
0,
10,
63,
70,
0,
0,
13,
34,
0,
39,
53,
138,
0,
0,
85,
3,
0,
0,
0,
4,
0,
10,
0,
0,
0,
0,
0,
4,
7,
0,
80,
0,
14,
0,
74,
1,
18,
3,
14,
10,
2,
0,
19,
32,
0,
29,
0,
1,
0,
4,
0,
0,
156,
6,
0,
0,
0,
0,
0,
87,
8,
0,
6,
0,
0,
86,
3,
16,
0,
0,
107,
8,
0,
73,
106,
112,
0,
88,
214,
12,
20,
0,
0,
24,
0,
10,
0,
32,
0,
26,
48,
7,
0,
0,
48,
0,
0,
0,
63,
0,
15,
0,
0,
67,
0,
0,
12,
0,
71,
54,
0,
58,
0,
23,
5,
0,
54,
6,
0,
6,
0,
0,
0,
127,
61,
0,
0,
11,
0,
107,
0,
0,
0,
0,
104,
0,
0,
153,
39,
0,
0,
102,
56,
0,
45,
62,
0,
43,
0,
10,
0,
0,
0,
0,
0,
29,
0,
0,
0,
0,
0,
0,
52,
0,
0,
3,
3,
66,
12,
0,
70,
0,
94,
7,
0,
26,
0,
19,
19,
6,
74,
6,
0,
1,
23,
0,
0,
153,
0,
0,
29,
0,
0,
94,
0,
0,
0,
5,
96,
0,
0,
23,
33,
4,
0,
23,
1,
0,
27,
79,
0,
75,
77,
10,
0,
33,
0,
44,
0,
20,
24,
0,
12,
0,
0,
0,
33,
0,
0,
3,
3,
66,
9,
1,
64,
0,
67,
0,
28,
3,
0,
17,
27,
0,
0,
6,
0,
1,
20,
0,
0,
102,
91,
6,
15,
81,
0,
0,
9,
33,
0,
0,
16,
0,
4,
127,
51,
0,
0,
64,
4,
9,
31,
0,
0,
0,
0,
10,
8,
0,
0,
22,
1,
0,
86,
0,
123,
0,
1,
0,
97,
0,
55,
7,
4,
0,
2,
28,
25,
61,
0,
14,
0,
0,
19,
4,
0,
0,
25,
6,
0,
11,
0,
0,
0,
103,
26,
6,
6,
0,
1,
8,
0,
0,
0,
0,
66,
0,
9,
50,
0,
0,
0,
156,
183,
13,
6,
0,
103,
0,
0,
10,
0,
45,
15,
68,
151,
2,
43,
0,
10,
0,
33,
0,
216,
0,
77,
0,
0,
12,
0,
94,
16,
123,
13,
83,
0,
13,
0,
13,
4,
26,
102,
6,
0,
2,
0,
0,
0,
117,
35,
0,
9,
2,
0,
54,
0,
0,
0,
0,
51,
23,
0,
99,
46,
0,
4,
59,
86,
107,
14,
0,
85,
11,
0,
10,
0,
0,
0,
15,
0,
1,
96,
0,
31,
0,
48,
0,
224,
0,
29,
0,
3,
46,
18,
37,
28,
59,
37,
33,
0,
45,
0,
0,
0,
114,
128,
6,
0,
10,
33,
9,
0,
148,
0,
0,
0,
27,
0,
63,
1,
0,
0,
0,
90,
3,
0,
62,
32,
0,
0,
1,
22,
103,
0,
3,
13,
45,
137,
10,
0,
44,
0,
21,
131,
0,
53,
0,
0,
0,
18,
0,
142,
6,
0,
4,
3,
128,
133,
91,
84,
0,
69,
0,
0,
1,
9,
0,
0,
3,
24,
6,
0,
8,
24,
4,
0,
170,
82,
0,
0,
83,
0,
7,
0,
35,
0,
0,
40,
0,
0,
93,
5,
0,
0,
72,
0,
18,
38,
4,
7,
0,
0,
8,
0,
0,
0,
8,
28,
0,
84,
0,
65,
0,
11,
0,
43,
0,
36,
9,
3,
7,
1,
55,
65,
0,
0,
0,
0,
0,
48,
32,
0,
0,
162,
6,
0,
0,
0,
0,
20,
27,
65,
0,
6,
0,
2,
0,
0,
6,
0,
0,
0,
2,
117,
12,
10,
0,
0,
88,
40,
56,
20,
0,
53,
38,
27,
9,
0,
5,
0,
54,
88,
0,
8,
0,
82,
0,
56,
0,
112,
49,
73,
9,
3,
24,
1,
182,
44,
20,
56,
6,
25,
0,
14,
54,
0,
26,
120,
0,
0,
9,
0,
5,
0,
157,
94,
28,
30,
0,
0,
47,
0,
0,
0,
0,
21,
31,
47,
21,
0,
0,
12,
10,
117,
16,
105,
0,
60,
30,
0,
10,
0,
0,
0,
55,
33,
28,
83,
0,
118,
0,
66,
0,
157,
0,
35,
0,
3,
61,
0,
76,
0,
70,
8,
13,
29,
31,
61,
6,
0,
83,
99,
0,
0,
41,
0,
7,
0,
73,
16,
18,
0,
90,
0,
13,
0,
0,
0,
0,
37,
10,
0,
65,
40,
0,
0,
17,
93,
0,
73,
0,
11,
22,
121,
10,
1,
0,
0,
0,
71,
52,
94,
0,
11,
0,
24,
0,
100,
0,
9,
0,
3,
40,
66,
96,
79,
0,
0,
0,
6,
46,
0,
0,
0,
121,
54,
0,
0,
8,
0,
47,
0,
66,
45,
65,
0,
88,
0,
3,
0,
53,
0,
0,
19,
0,
0,
47,
0,
0,
0,
44,
24,
0,
9,
0,
0,
27,
0,
4,
0,
0,
1,
6,
0,
5,
91,
8,
31,
0,
0,
0,
10,
0,
50,
0,
3,
0,
1,
49,
0,
21,
0,
0,
0,
0,
62,
11,
1,
0,
0,
6,
0,
11,
0,
0,
0,
0,
72,
0,
6,
82,
1,
51,
0,
0,
0,
0,
0,
0,
0,
0,
4,
0,
0,
8,
17,
3,
0,
0,
0,
90,
32,
10,
0,
40,
0,
4,
97,
37,
48,
1,
134,
0,
8,
0,
19,
53,
93,
12,
3,
1,
1,
138,
0,
8,
99,
22,
0,
0,
66,
0,
1,
0,
0,
5,
0,
61,
0,
0,
0,
89,
76,
0,
6,
28,
0,
82,
0,
3,
0,
0,
0,
7,
38,
0,
10,
0,
7,
29,
129,
0,
29,
0,
28,
117,
0,
10,
0,
1,
0,
35,
0,
67,
0,
2,
139,
5,
18,
0,
35,
4,
70,
0,
3,
0,
0,
84,
0,
19,
0,
2,
0,
9,
63,
0,
0,
20,
0,
0,
0,
19,
0,
0,
0,
35,
30,
0,
6,
28,
0,
41,
0,
83,
0,
0,
0,
82,
0,
27,
0,
0,
1,
7,
88,
0,
46,
0,
48,
71,
64,
10,
0,
12,
0,
4,
39,
34,
100,
3,
42,
0,
8,
42,
59,
71,
53,
0,
3,
0,
90,
109,
15,
3,
3,
13,
0,
66,
0,
0,
0,
87,
2,
8,
0,
0,
0,
54,
68,
22,
91,
0,
6,
