# block3.conv1.sn_input_layers.2.3 (shape [8, 8, 64]),
0,
6,
0,
0,
67,
0,
72,
15,
37,
16,
0,
0,
0,
0,
22,
67,
0,
0,
50,
0,
0,
47,
0,
0,
43,
32,
31,
0,
0,
0,
0,
0,
0,
0,
0,
64,
1,
19,
0,
0,
0,
1,
0,
0,
0,
47,
13,
0,
0,
0,
0,
0,
0,
0,
0,
0,
0,
0,
0,
0,
0,
0,
73,
0,
0,
0,
10,
0,
14,
0,
0,
23,
22,
42,
0,
75,
40,
0,
75,
39,
0,
0,
57,
0,
0,
71,
0,
0,
55,
9,
23,
0,
0,
0,
53,
0,
0,
0,
0,
64,
0,
0,
0,
0,
0,
0,
0,
0,
10,
100,
48,
0,
0,
0,
0,
0,
0,
0,
0,
0,
0,
0,
11,
0,
0,
0,
0,
0,
0,
0,
60,
0,
0,
0,
0,
56,
0,
22,
2,
69,
74,
0,
101,
22,
0,
0,
51,
5,
0,
88,
0,
0,
6,
0,
0,
23,
0,
0,
13,
0,
0,
0,
0,
89,
0,
0,
0,
0,
0,
0,
0,
0,
39,
112,
74,
0,
0,
0,
0,
0,
0,
0,
0,
0,
12,
0,
32,
0,
0,
0,
0,
0,
0,
0,
48,
0,
0,
0,
0,
24,
0,
54,
54,
84,
61,
0,
65,
7,
0,
8,
75,
0,
0,
89,
0,
0,
52,
22,
0,
0,
0,
0,
2,
0,
0,
0,
0,
84,
0,
0,
0,
0,
0,
0,
17,
4,
32,
109,
49,
0,
0,
0,
0,
0,
0,
7,
0,
0,
10,
0,
56,
0,
0,
0,
0,
0,
0,
0,
69,
0,
0,
0,
0,
0,
0,
71,
88,
153,
0,
0,
53,
0,
41,
28,
16,
0,
0,
131,
0,
0,
59,
16,
56,
0,
0,
0,
25,
0,
0,
0,
0,
171,
0,
0,
0,
0,
0,
9,
101,
25,
40,
59,
0,
0,
2,
0,
0,
0,
5,
44,
0,
0,
0,
0,
70,
0,
0,
0,
0,
0,
0,
0,
60,
0,
0,
0,
0,
0,
0,
50,
19,
147,
0,
18,
1,
0,
124,
30,
0,
0,
0,
81,
0,
0,
43,
3,
81,
0,
0,
0,
34,
7,
0,
0,
0,
177,
0,
0,
0,
0,
82,
61,
83,
20,
0,
2,
0,
0,
0,
0,
0,
0,
0,
43,
0,
0,
0,
0,
45,
0,
10,
0,
0,
0,
2,
0,
49,
0,
0,
0,
0,
0,
0,
36,
0,
68,
0,
2,
0,
0,
108,
18,
0,
0,
0,
29,
0,
0,
32,
0,
89,
0,
11,
0,
47,
0,
0,
0,
0,
142,
0,
0,
0,
0,
91,
83,
19,
0,
0,
6,
0,
9,
0,
0,
9,
0,
0,
57,
0,
0,
0,
0,
25,
0,
0,
0,
0,
0,
0,
0,
30,
0,
0,
0,
0,
0,
0,
19,
0,
0,
0,
0,
0,
0,
65,
9,
0,
0,
24,
5,
0,
0,
26,
9,
55,
0,
54,
11,
0,
4,
0,
0,
0,
54,
0,
0,
0,
0,
42,
85,
46,
0,
42,
0,
0,
35,
0,
1,
0,
0,
0,
85,
0,
0,
0,
0,
33,
0,
34,
0,
3,
0,
0,
0,
44,
0,
0,
0,
85,
68,
0,
41,
0,
0,
17,
0,
124,
196,
0,
0,
0,
0,
0,
163,
0,
4,
49,
0,
4,
91,
0,
0,
24,
0,
0,
34,
0,
73,
0,
82,
4,
31,
0,
0,
27,
0,
0,
133,
101,
0,
0,
35,
0,
51,
0,
0,
0,
0,
0,
30,
0,
62,
0,
0,
0,
0,
0,
0,
55,
0,
0,
0,
20,
0,
0,
25,
0,
82,
69,
0,
125,
113,
0,
0,
0,
0,
0,
155,
0,
0,
51,
0,
39,
49,
11,
0,
20,
0,
0,
0,
3,
43,
0,
0,
0,
0,
0,
0,
84,
0,
43,
71,
51,
0,
45,
4,
0,
0,
0,
49,
0,
0,
0,
15,
0,
0,
12,
0,
0,
0,
0,
0,
70,
39,
0,
0,
0,
40,
0,
0,
5,
49,
42,
0,
122,
43,
0,
0,
23,
0,
18,
133,
0,
0,
4,
0,
13,
25,
0,
0,
3,
0,
39,
0,
3,
65,
0,
0,
0,
0,
0,
0,
67,
0,
92,
0,
9,
0,
17,
0,
0,
0,
0,
65,
0,
0,
9,
29,
20,
0,
3,
0,
0,
0,
0,
0,
74,
10,
0,
0,
0,
0,
0,
14,
61,
91,
3,
9,
131,
15,
0,
0,
7,
0,
38,
155,
0,
0,
12,
39,
51,
0,
0,
0,
0,
53,
61,
0,
12,
105,
0,
0,
0,
0,
0,
0,
104,
0,
130,
0,
0,
0,
19,
0,
0,
0,
0,
167,
0,
0,
0,
45,
51,
0,
50,
42,
0,
0,
0,
0,
69,
0,
0,
0,
0,
71,
0,
99,
90,
33,
0,
0,
42,
0,
0,
0,
8,
0,
26,
152,
0,
0,
48,
46,
70,
0,
0,
0,
0,
0,
29,
0,
0,
132,
0,
0,
0,
0,
0,
0,
154,
0,
153,
0,
0,
0,
0,
0,
0,
0,
59,
21,
0,
0,
0,
11,
107,
16,
67,
0,
0,
0,
0,
0,
57,
0,
0,
0,
0,
0,
0,
97,
43,
75,
0,
0,
26,
0,
72,
5,
4,
0,
14,
97,
0,
0,
85,
2,
133,
0,
17,
0,
0,
0,
0,
0,
0,
103,
0,
0,
0,
0,
31,
1,
131,
32,
90,
15,
0,
0,
0,
0,
4,
0,
29,
8,
0,
0,
0,
0,
86,
32,
71,
0,
0,
0,
0,
0,
27,
0,
0,
0,
0,
0,
0,
22,
0,
5,
0,
0,
0,
0,
37,
11,
0,
0,
18,
41,
0,
0,
45,
0,
60,
0,
53,
35,
0,
0,
0,
0,
0,
12,
0,
0,
1,
0,
5,
44,
78,
2,
71,
0,
0,
11,
0,
17,
0,
0,
0,
41,
0,
0,
0,
0,
40,
0,
47,
0,
0,
0,
0,
2,
28,
0,
0,
0,
0,
0,
0,
18,
0,
0,
3,
0,
0,
0,
23,
0,
11,
0,
47,
20,
0,
0,
38,
0,
23,
3,
51,
31,
0,
16,
0,
0,
0,
0,
0,
0,
5,
0,
1,
55,
62,
16,
65,
0,
0,
28,
8,
19,
0,
0,
0,
86,
0,
0,
0,
0,
21,
0,
35,
25,
0,
0,
71,
5,
24,
0,
0,
0,
141,
18,
0,
0,
25,
0,
0,
0,
49,
187,
0,
0,
0,
0,
0,
200,
0,
0,
21,
0,
0,
80,
0,
68,
0,
0,
0,
9,
0,
43,
0,
69,
0,
0,
3,
0,
36,
16,
0,
69,
0,
0,
0,
60,
0,
0,
0,
1,
0,
0,
0,
31,
0,
101,
35,
0,
0,
0,
0,
0,
0,
47,
0,
0,
118,
0,
0,
0,
100,
0,
0,
0,
74,
132,
0,
16,
0,
0,
0,
204,
0,
31,
19,
13,
0,
50,
0,
60,
0,
39,
16,
14,
14,
23,
0,
0,
0,
0,
0,
0,
78,
19,
0,
0,
0,
0,
27,
8,
0,
0,
0,
135,
0,
0,
0,
84,
0,
19,
93,
14,
0,
0,
0,
0,
0,
44,
0,
0,
74,
0,
0,
1,
72,
2,
0,
52,
101,
107,
0,
0,
0,
0,
0,
203,
0,
29,
7,
19,
0,
16,
0,
48,
0,
72,
34,
10,
27,
53,
0,
0,
0,
0,
38,
0,
111,
0,
0,
0,
0,
0,
0,
0,
0,
0,
0,
107,
0,
0,
0,
97,
0,
0,
113,
18,
0,
0,
0,
0,
37,
0,
0,
0,
0,
0,
0,
0,
60,
137,
0,
56,
52,
0,
76,
0,
0,
0,
0,
211,
0,
0,
0,
0,
23,
0,
0,
0,
33,
50,
0,
0,
0,
175,
0,
0,
0,
0,
83,
0,
132,
0,
0,
0,
0,
0,
0,
0,
0,
0,
32,
80,
0,
0,
0,
43,
29,
0,
24,
0,
0,
0,
0,
0,
54,
0,
0,
0,
0,
126,
0,
59,
106,
0,
0,
0,
0,
0,
0,
0,
4,
0,
0,
166,
0,
0,
28,
0,
9,
39,
0,
8,
0,
0,
66,
0,
0,
146,
0,
0,
0,
0,
0,
0,
138,
24,
84,
6,
0,
0,
0,
0,
6,
0,
54,
0,
0,
0,
16,
12,
45,
40,
22,
0,
0,
8,
0,
0,
76,
0,
0,
0,
0,
108,
26,
191,
71,
46,
0,
0,
0,
0,
0,
0,
70,
43,
22,
154,
0,
0,
75,
42,
111,
0,
0,
0,
0,
0,
0,
0,
0,
123,
0,
0,
0,
0,
24,
0,
127,
45,
112,
92,
9,
0,
0,
0,
60,
27,
109,
0,
0,
0,
0,
0,
96,
133,
82,
0,
0,
60,
0,
0,
30,
0,
0,
0,
0,
61,
0,
153,
29,
0,
0,
5,
0,
0,
0,
0,
104,
0,
63,
15,
0,
0,
69,
42,
84,
0,
0,
23,
0,
0,
6,
0,
0,
66,
0,
0,
0,
0,
44,
0,
4,
44,
111,
12,
2,
0,
0,
0,
60,
5,
60,
0,
0,
0,
0,
0,
118,
82,
50,
17,
0,
35,
0,
0,
0,
0,
0,
0,
0,
0,
0,
61,
7,
0,
0,
25,
0,
0,
0,
0,
48,
0,
29,
0,
0,
0,
28,
23,
72,
0,
0,
36,
29,
12,
0,
0,
0,
17,
5,
0,
0,
0,
67,
37,
0,
23,
50,
0,
0,
12,
0,
0,
25,
0,
0,
40,
0,
0,
0,
0,
41,
0,
33,
82,
9,
0,
12,
1,
0,
12,
0,
0,
143,
9,
0,
0,
57,
0,
0,
0,
43,
153,
0,
0,
0,
0,
0,
195,
0,
15,
22,
0,
0,
59,
0,
57,
0,
0,
0,
19,
0,
36,
0,
11,
0,
0,
0,
0,
47,
5,
0,
30,
0,
0,
0,
31,
0,
0,
0,
9,
0,
0,
0,
49,
0,
51,
34,
0,
0,
0,
0,
0,
0,
62,
0,
0,
136,
0,
0,
22,
96,
0,
0,
0,
96,
176,
0,
28,
0,
0,
0,
226,
0,
32,
35,
0,
0,
49,
0,
57,
0,
51,
0,
24,
12,
0,
0,
0,
0,
0,
0,
0,
83,
0,
0,
0,
0,
0,
16,
0,
0,
0,
0,
108,
0,
0,
0,
96,
0,
4,
96,
8,
0,
0,
0,
0,
0,
0,
0,
0,
39,
35,
0,
17,
48,
69,
0,
0,
73,
92,
0,
0,
0,
72,
0,
229,
0,
29,
0,
0,
0,
43,
0,
0,
17,
9,
0,
48,
15,
66,
0,
0,
0,
0,
0,
0,
118,
0,
0,
48,
0,
0,
3,
0,
0,
0,
0,
0,
0,
0,
0,
61,
0,
3,
36,
0,
0,
0,
0,
0,
73,
0,
0,
0,
0,
96,
0,
0,
25,
104,
0,
0,
6,
0,
24,
0,
0,
110,
0,
179,
0,
0,
0,
0,
0,
49,
0,
0,
0,
0,
0,
18,
0,
52,
0,
46,
0,
0,
0,
0,
106,
0,
0,
80,
23,
0,
44,
36,
0,
7,
31,
0,
0,
0,
2,
19,
0,
42,
6,
0,
0,
0,
7,
0,
44,
0,
0,
0,
25,
86,
0,
0,
85,
0,
0,
0,
0,
0,
0,
5,
0,
0,
0,
211,
0,
0,
0,
0,
0,
121,
0,
80,
0,
0,
11,
7,
0,
35,
0,
21,
0,
0,
0,
0,
142,
14,
0,
0,
0,
0,
0,
63,
0,
0,
0,
0,
0,
0,
7,
37,
0,
67,
73,
0,
0,
0,
0,
0,
19,
0,
0,
0,
34,
43,
0,
105,
71,
0,
0,
0,
0,
0,
0,
6,
0,
15,
0,
229,
0,
0,
0,
81,
83,
0,
0,
0,
0,
0,
0,
46,
0,
91,
0,
0,
0,
0,
44,
0,
137,
0,
51,
50,
0,
0,
0,
38,
33,
26,
73,
0,
0,
0,
0,
43,
41,
153,
141,
0,
0,
0,
33,
0,
49,
0,
0,
0,
43,
42,
0,
142,
44,
0,
0,
0,
0,
0,
0,
0,
79,
0,
56,
53,
0,
0,
40,
68,
87,
0,
0,
33,
0,
0,
0,
0,
0,
74,
0,
0,
0,
0,
59,
0,
0,
67,
124,
57,
0,
0,
0,
0,
48,
54,
88,
14,
0,
0,
0,
2,
102,
153,
66,
0,
0,
0,
0,
0,
19,
0,
0,
0,
7,
6,
0,
108,
36,
0,
0,
0,
0,
0,
0,
0,
76,
0,
36,
7,
0,
0,
41,
15,
89,
0,
0,
30,
0,
11,
0,
0,
0,
24,
0,
0,
0,
0,
41,
34,
0,
64,
95,
26,
0,
0,
0,
0,
3,
21,
54,
34,
0,
0,
0,
7,
76,
78,
49,
46,
0,
0,
0,
0,
0,
0,
14,
0,
135,
0,
0,
0,
68,
0,
0,
19,
26,
142,
0,
0,
0,
0,
0,
192,
0,
11,
19,
33,
0,
38,
0,
55,
0,
0,
0,
10,
0,
20,
0,
0,
0,
0,
0,
0,
49,
0,
0,
17,
0,
0,
0,
23,
0,
0,
0,
0,
0,
0,
0,
51,
0,
28,
24,
0,
0,
0,
0,
1,
0,
41,
0,
0,
88,
0,
0,
37,
94,
3,
0,
10,
65,
148,
0,
14,
0,
0,
0,
214,
0,
31,
6,
35,
0,
37,
0,
52,
0,
67,
0,
28,
3,
0,
0,
0,
0,
0,
5,
0,
92,
0,
0,
0,
0,
0,
0,
3,
0,
0,
0,
33,
0,
0,
0,
88,
0,
13,
104,
22,
0,
0,
0,
0,
23,
0,
0,
0,
9,
63,
0,
0,
22,
1,
0,
0,
22,
62,
0,
0,
0,
70,
0,
153,
0,
0,
0,
0,
0,
48,
0,
0,
0,
0,
7,
53,
16,
11,
0,
12,
0,
0,
0,
0,
72,
0,
0,
49,
12,
0,
32,
43,
0,
0,
0,
0,
0,
0,
0,
53,
0,
50,
32,
0,
0,
0,
31,
0,
70,
0,
0,
0,
0,
90,
0,
0,
28,
12,
0,
0,
7,
29,
0,
0,
0,
45,
0,
132,
0,
0,
0,
0,
0,
57,
0,
0,
0,
0,
28,
37,
2,
10,
0,
31,
0,
0,
0,
0,
51,
0,
0,
51,
20,
0,
52,
58,
0,
0,
0,
0,
0,
0,
41,
32,
0,
76,
33,
0,
0,
0,
8,
0,
37,
0,
0,
0,
69,
0,
0,
0,
79,
8,
0,
0,
32,
43,
0,
26,
0,
0,
0,
229,
0,
0,
0,
0,
0,
81,
0,
64,
0,
0,
0,
28,
0,
43,
0,
5,
0,
0,
0,
0,
126,
0,
0,
0,
0,
0,
16,
58,
0,
0,
0,
68,
0,
0,
0,
65,
0,
48,
95,
0,
0,
0,
1,
0,
0,
0,
0,
0,
0,
0,
1,
0,
60,
46,
0,
0,
0,
0,
0,
65,
0,
0,
0,
222,
0,
0,
0,
53,
58,
0,
0,
0,
20,
0,
0,
26,
0,
34,
0,
0,
0,
0,
59,
0,
155,
0,
0,
0,
0,
0,
21,
70,
15,
0,
22,
0,
0,
0,
0,
12,
0,
40,
121,
0,
0,
0,
71,
0,
15,
0,
0,
0,
45,
0,
0,
60,
39,
0,
0,
0,
0,
0,
0,
52,
0,
0,
0,
75,
0,
0,
15,
39,
127,
0,
0,
47,
0,
0,
0,
0,
0,
51,
0,
13,
0,
0,
152,
0,
43,
50,
86,
51,
0,
0,
0,
0,
54,
74,
138,
16,
0,
0,
0,
14,
88,
172,
116,
0,
0,
0,
54,
35,
31,
0,
0,
0,
35,
0,
0,
123,
39,
0,
0,
0,
0,
0,
6,
23,
55,
0,
16,
25,
0,
0,
61,
32,
140,
0,
0,
53,
0,
0,
0,
0,
0,
27,
0,
6,
0,
0,
104,
37,
18,
85,
98,
62,
0,
0,
0,
0,
16,
77,
105,
5,
0,
0,
0,
0,
121,
158,
105,
0,
0,
0,
54,
0,
0,
0,
35,
0,
112,
0,
0,
0,
36,
0,
0,
12,
15,
140,
0,
0,
0,
0,
0,
165,
0,
0,
11,
5,
0,
51,
0,
41,
0,
0,
0,
2,
0,
0,
0,
48,
0,
0,
0,
0,
34,
11,
0,
81,
0,
0,
0,
48,
0,
0,
0,
0,
0,
0,
0,
8,
0,
47,
2,
0,
0,
0,
0,
0,
0,
15,
0,
0,
51,
0,
0,
0,
89,
14,
0,
0,
22,
21,
0,
20,
0,
29,
0,
159,
0,
0,
0,
19,
0,
24,
0,
21,
0,
37,
0,
30,
0,
0,
0,
0,
0,
0,
0,
0,
59,
0,
11,
28,
0,
0,
0,
0,
0,
0,
0,
30,
0,
0,
10,
55,
0,
14,
43,
18,
0,
0,
0,
0,
32,
0,
0,
0,
58,
30,
17,
0,
44,
3,
0,
0,
0,
0,
0,
0,
33,
0,
0,
90,
0,
0,
0,
16,
0,
0,
0,
0,
0,
35,
41,
0,
3,
1,
35,
0,
0,
0,
0,
0,
0,
9,
14,
0,
0,
0,
15,
0,
0,
0,
0,
97,
0,
0,
3,
65,
0,
10,
0,
33,
0,
0,
0,
0,
67,
47,
0,
0,
118,
46,
0,
0,
79,
0,
0,
0,
20,
44,
0,
0,
0,
11,
1,
175,
0,
0,
0,
0,
0,
49,
0,
33,
0,
42,
98,
9,
28,
25,
29,
37,
15,
0,
0,
0,
4,
32,
0,
0,
0,
0,
28,
2,
0,
0,
0,
135,
0,
0,
24,
113,
0,
72,
18,
17,
0,
0,
0,
0,
0,
16,
0,
0,
75,
58,
29,
0,
75,
1,
0,
0,
15,
86,
0,
0,
0,
38,
0,
243,
0,
35,
0,
9,
0,
35,
0,
33,
0,
62,
75,
19,
35,
43,
0,
0,
0,
0,
0,
0,
88,
0,
0,
0,
0,
0,
0,
33,
9,
0,
0,
27,
0,
0,
0,
130,
0,
17,
68,
0,
0,
0,
0,
0,
0,
0,
0,
0,
0,
92,
2,
8,
61,
0,
0,
0,
0,
0,
0,
0,
0,
0,
0,
173,
0,
0,
0,
10,
0,
43,
0,
0,
0,
47,
7,
8,
0,
8,
0,
0,
0,
0,
0,
0,
122,
0,
0,
0,
0,
0,
0,
17,
0,
0,
0,
0,
0,
0,
0,
82,
10,
0,
87,
0,
0,
0,
0,
0,
0,
0,
1,
0,
0,
67,
4,
51,
45,
0,
0,
0,
0,
0,
0,
19,
8,
0,
0,
68,
0,
0,
21,
0,
35,
0,
0,
58,
0,
21,
0,
0,
0,
27,
0,
37,
0,
0,
47,
0,
30,
5,
64,
1,
0,
0,
0,
0,
0,
0,
115,
0,
0,
0,
0,
89,
139,
81,
77,
0,
0,
0,
1,
0,
21,
0,
0,
0,
0,
34,
0,
119,
62,
0,
0,
0,
0,
0,
0,
0,
41,
0,
3,
54,
0,
0,
56,
16,
75,
0,
0,
25,
0,
16,
0,
0,
0,
41,
0,
2,
0,
0,
45,
0,
37,
58,
101,
52,
6,
0,
12,
0,
0,
45,
82,
1,
0,
0,
0,
50,
114,
132,
72,
0,
0,
0,
72,
0,
0,
0,
34,
0,
116,
5,
0,
0,
10,
0,
0,
0,
0,
153,
0,
0,
0,
0,
0,
134,
0,
0,
34,
0,
0,
52,
0,
58,
0,
0,
0,
0,
0,
0,
0,
60,
0,
0,
0,
0,
0,
22,
0,
106,
24,
0,
0,
44,
0,
0,
0,
0,
0,
0,
0,
4,
0,
41,
0,
0,
8,
0,
39,
0,
38,
6,
0,
0,
58,
0,
0,
0,
61,
6,
0,
0,
14,
42,
0,
0,
0,
0,
0,
129,
0,
0,
0,
0,
0,
36,
0,
20,
0,
0,
0,
0,
0,
0,
0,
19,
0,
0,
0,
0,
19,
21,
0,
57,
0,
0,
31,
5,
0,
0,
0,
65,
0,
0,
9,
27,
0,
48,
29,
10,
0,
0,
16,
0,
42,
0,
0,
0,
42,
0,
0,
0,
10,
0,
0,
0,
0,
0,
0,
0,
3,
0,
39,
72,
0,
0,
0,
0,
18,
0,
0,
36,
0,
51,
0,
0,
0,
0,
2,
24,
1,
0,
33,
0,
0,
17,
31,
0,
0,
0,
11,
0,
0,
0,
0,
113,
0,
0,
0,
54,
0,
55,
35,
39,
21,
0,
0,
0,
4,
0,
0,
0,
139,
0,
0,
1,
0,
0,
0,
0,
0,
70,
0,
0,
37,
0,
49,
106,
0,
0,
29,
49,
0,
0,
0,
26,
0,
46,
36,
0,
42,
0,
41,
38,
0,
0,
0,
0,
0,
0,
0,
0,
0,
0,
0,
15,
0,
0,
0,
113,
0,
0,
0,
114,
0,
68,
0,
0,
100,
0,
0,
0,
0,
16,
0,
0,
141,
15,
33,
25,
24,
0,
0,
0,
22,
140,
0,
0,
39,
0,
0,
168,
0,
0,
41,
56,
0,
5,
0,
0,
0,
108,
29,
4,
82,
0,
4,
0,
0,
0,
0,
0,
8,
0,
0,
0,
0,
0,
0,
0,
0,
0,
0,
68,
0,
0,
0,
178,
0,
3,
6,
0,
52,
0,
0,
0,
0,
0,
0,
0,
0,
61,
0,
20,
34,
0,
0,
0,
0,
0,
0,
0,
0,
0,
0,
127,
0,
0,
18,
0,
0,
42,
13,
0,
0,
116,
18,
0,
0,
0,
0,
0,
0,
0,
0,
0,
65,
0,
0,
0,
0,
0,
7,
0,
0,
0,
0,
28,
0,
0,
0,
151,
51,
0,
26,
0,
0,
0,
0,
0,
0,
0,
0,
0,
0,
32,
68,
15,
17,
49,
0,
0,
0,
0,
39,
0,
7,
27,
0,
65,
0,
0,
43,
0,
0,
0,
91,
10,
0,
114,
0,
0,
0,
1,
1,
29,
0,
0,
17,
27,
1,
9,
0,
0,
0,
0,
0,
6,
25,
0,
0,
17,
0,
0,
0,
123,
71,
0,
0,
39,
60,
0,
0,
0,
0,
0,
0,
0,
0,
16,
73,
70,
60,
12,
0,
0,
0,
0,
0,
27,
0,
0,
0,
20,
0,
0,
65,
35,
0,
0,
30,
65,
40,
47,
0,
0,
0,
0,
45,
0,
0,
0,
2,
45,
1,
63,
1,
0,
0,
0,
0,
15,
0,
0,
0,
0,
0,
0,
0,
15,
31,
0,
9,
84,
0,
0,
22,
0,
0,
14,
0,
0,
140,
0,
0,
16,
62,
0,
0,
0,
4,
138,
0,
0,
5,
0,
0,
126,
0,
8,
42,
5,
0,
33,
0,
66,
0,
18,
0,
0,
0,
3,
0,
17,
0,
0,
0,
0,
0,
35,
0,
37,
0,
0,
0,
0,
0,
0,
0,
55,
0,
0,
0,
52,
0,
34,
0,
1,
0,
0,
34,
0,
63,
39,
0,
0,
89,
8,
0,
14,
92,
0,
0,
14,
10,
86,
0,
0,
23,
0,
23,
129,
6,
0,
7,
12,
0,
41,
0,
37,
0,
26,
78,
0,
0,
0,
0,
7,
0,
0,
0,
0,
0,
53,
0,
26,
0,
0,
13,
0,
0,
0,
0,
126,
0,
0,
11,
48,
0,
61,
0,
75,
0,
0,
38,
0,
95,
15,
0,
0,
28,
28,
0,
14,
33,
0,
0,
25,
0,
0,
0,
0,
38,
0,
109,
41,
0,
0,
0,
14,
0,
0,
0,
9,
0,
0,
103,
0,
0,
3,
0,
0,
0,
0,
0,
0,
0,
44,
24,
0,
0,
0,
18,
0,
22,
0,
0,
100,
0,
0,
0,
19,
0,
68,
0,
83,
11,
0,
0,
0,
44,
9,
0,
0,
17,
0,
0,
31,
0,
0,
0,
19,
0,
20,
0,
0,
36,
0,
69,
15,
0,
0,
23,
0,
1,
0,
13,
0,
0,
47,
30,
0,
9,
0,
0,
0,
0,
0,
44,
0,
0,
0,
38,
0,
10,
18,
0,
0,
92,
0,
0,
22,
0,
0,
0,
53,
1,
0,
0,
42,
73,
0,
0,
0,
37,
0,
0,
0,
0,
0,
0,
0,
0,
0,
0,
0,
0,
4,
29,
0,
41,
32,
68,
29,
0,
0,
38,
0,
0,
0,
76,
0,
0,
115,
24,
0,
61,
0,
12,
3,
0,
0,
60,
0,
20,
0,
28,
0,
0,
18,
42,
0,
138,
0,
0,
46,
5,
0,
0,
103,
0,
0,
0,
30,
111,
0,
0,
0,
52,
0,
0,
0,
4,
0,
0,
0,
22,
0,
0,
0,
0,
0,
9,
0,
45,
14,
86,
3,
0,
0,
54,
0,
0,
19,
74,
0,
0,
125,
56,
0,
39,
0,
12,
57,
0,
0,
9,
0,
0,
0,
48,
0,
0,
0,
75,
0,
89,
0,
0,
101,
41,
0,
0,
147,
0,
0,
0,
34,
103,
0,
0,
0,
25,
0,
0,
0,
4,
26,
74,
0,
0,
0,
0,
0,
0,
2,
10,
0,
36,
0,
50,
17,
0,
0,
49,
30,
0,
0,
29,
0,
0,
35,
0,
0,
31,
0,
51,
2,
0,
0,
0,
0,
0,
0,
0,
19,
20,
0,
7,
34,
35,
0,
0,
19,
0,
0,
0,
55,
0,
0,
0,
0,
135,
0,
0,
0,
0,
0,
79,
0,
0,
15,
78,
29,
0,
0,
0,
0,
0,
0,
0,
0,
0,
0,
0,
0,
0,
0,
60,
83,
0,
0,
23,
0,
13,
0,
0,
0,
0,
41,
0,
0,
0,
0,
35,
20,
0,
0,
0,
21,
0,
6,
0,
8,
37,
0,
0,
0,
0,
0,
0,
0,
0,
0,
0,
0,
64,
0,
