# block2.conv1.sn_input_layers.0.0 (shape [16, 16, 32]),
0,
0,
29,
17,
31,
1,
24,
0,
0,
0,
4,
63,
0,
0,
0,
2,
63,
0,
0,
14,
24,
0,
0,
12,
19,
47,
61,
2,
1,
85,
0,
23,
0,
39,
31,
0,
72,
0,
0,
0,
0,
0,
0,
80,
0,
0,
0,
0,
52,
0,
0,
0,
33,
0,
0,
53,
36,
67,
80,
46,
8,
184,
53,
0,
0,
3,
58,
0,
84,
0,
0,
0,
8,
0,
33,
112,
0,
0,
0,
0,
24,
64,
0,
0,
97,
0,
0,
4,
81,
68,
71,
84,
0,
251,
127,
19,
0,
24,
122,
0,
42,
39,
0,
0,
0,
27,
5,
149,
0,
0,
0,
0,
4,
104,
0,
19,
71,
0,
0,
0,
77,
24,
48,
138,
0,
129,
135,
15,
0,
86,
31,
0,
92,
0,
0,
0,
0,
0,
0,
111,
0,
0,
0,
0,
69,
57,
0,
0,
0,
0,
0,
14,
49,
0,
23,
160,
0,
0,
185,
57,
0,
0,
19,
0,
255,
38,
0,
0,
0,
0,
0,
62,
0,
0,
0,
0,
69,
42,
0,
0,
88,
0,
0,
0,
56,
0,
0,
176,
0,
0,
143,
84,
0,
0,
51,
0,
214,
45,
0,
0,
0,
134,
0,
92,
0,
0,
0,
0,
94,
38,
0,
0,
0,
95,
0,
0,
79,
0,
0,
183,
0,
0,
102,
74,
0,
0,
0,
0,
59,
0,
0,
0,
0,
27,
0,
0,
0,
0,
0,
0,
93,
90,
0,
0,
0,
93,
0,
0,
63,
0,
0,
182,
0,
0,
63,
139,
0,
0,
0,
0,
0,
0,
0,
0,
55,
0,
0,
0,
0,
0,
3,
0,
1,
113,
0,
0,
0,
151,
0,
86,
106,
0,
0,
125,
0,
0,
118,
126,
0,
0,
0,
0,
73,
0,
0,
0,
145,
0,
0,
0,
0,
0,
14,
0,
0,
182,
0,
0,
0,
146,
0,
149,
163,
0,
0,
155,
0,
0,
0,
53,
0,
0,
0,
0,
42,
0,
0,
0,
79,
68,
0,
0,
0,
0,
19,
0,
0,
255,
0,
0,
0,
102,
0,
154,
79,
22,
28,
164,
0,
0,
22,
0,
37,
0,
0,
0,
46,
0,
0,
0,
103,
1,
0,
0,
0,
0,
19,
0,
0,
220,
0,
38,
0,
123,
0,
172,
63,
16,
51,
241,
0,
0,
60,
0,
24,
0,
0,
0,
35,
0,
0,
0,
79,
9,
0,
0,
4,
0,
21,
0,
0,
209,
0,
9,
0,
124,
0,
159,
66,
10,
56,
237,
0,
0,
49,
0,
0,
0,
0,
0,
66,
0,
0,
0,
80,
2,
0,
0,
0,
0,
0,
0,
0,
201,
0,
0,
15,
111,
0,
169,
108,
11,
70,
221,
0,
0,
56,
0,
0,
0,
0,
0,
220,
0,
0,
0,
39,
0,
0,
0,
0,
0,
0,
0,
0,
153,
0,
0,
111,
36,
0,
110,
157,
0,
83,
144,
0,
0,
73,
14,
0,
0,
0,
0,
249,
0,
0,
0,
56,
118,
0,
0,
0,
0,
0,
0,
53,
248,
0,
0,
127,
32,
0,
0,
165,
46,
0,
97,
49,
0,
0,
84,
0,
129,
87,
0,
0,
12,
0,
0,
0,
11,
0,
129,
0,
0,
0,
0,
101,
0,
22,
0,
22,
0,
0,
27,
35,
0,
40,
36,
0,
0,
18,
22,
0,
105,
7,
0,
0,
24,
0,
0,
1,
168,
0,
29,
0,
0,
0,
0,
75,
5,
66,
0,
0,
75,
0,
103,
33,
0,
12,
140,
0,
0,
91,
2,
0,
0,
0,
0,
30,
0,
0,
0,
3,
86,
0,
0,
0,
0,
0,
0,
20,
43,
0,
0,
0,
52,
0,
97,
66,
0,
0,
163,
0,
0,
116,
25,
0,
0,
0,
0,
82,
0,
0,
0,
0,
29,
0,
0,
0,
0,
0,
0,
124,
104,
0,
0,
0,
89,
0,
80,
101,
0,
19,
112,
0,
0,
74,
52,
0,
0,
0,
0,
0,
0,
0,
0,
0,
165,
0,
0,
0,
0,
0,
0,
127,
44,
0,
0,
0,
135,
0,
11,
87,
0,
0,
87,
0,
0,
0,
113,
0,
0,
0,
0,
0,
0,
0,
0,
0,
0,
0,
0,
0,
0,
0,
0,
150,
0,
0,
0,
0,
0,
0,
11,
161,
0,
0,
46,
0,
0,
0,
154,
0,
0,
0,
0,
65,
44,
0,
0,
0,
26,
0,
0,
0,
0,
0,
0,
226,
0,
0,
0,
0,
38,
0,
0,
174,
0,
0,
91,
0,
0,
0,
171,
0,
0,
0,
0,
0,
0,
0,
0,
0,
7,
0,
0,
0,
0,
0,
0,
196,
0,
0,
0,
0,
0,
0,
0,
130,
0,
0,
0,
0,
0,
0,
255,
0,
0,
0,
0,
0,
0,
0,
169,
11,
67,
0,
0,
0,
0,
12,
0,
86,
0,
0,
0,
0,
0,
0,
15,
138,
0,
0,
0,
0,
0,
0,
224,
0,
0,
0,
0,
0,
0,
0,
0,
31,
0,
0,
0,
0,
15,
0,
0,
99,
0,
0,
0,
0,
0,
0,
119,
216,
0,
0,
20,
0,
0,
0,
169,
0,
0,
0,
0,
0,
0,
0,
163,
48,
28,
0,
0,
0,
0,
0,
13,
21,
26,
0,
0,
0,
6,
0,
180,
151,
0,
0,
26,
0,
0,
0,
17,
24,
0,
0,
0,
0,
0,
0,
0,
91,
23,
0,
0,
0,
62,
0,
0,
0,
19,
0,
0,
0,
51,
0,
188,
164,
32,
0,
122,
0,
0,
0,
0,
8,
0,
0,
0,
0,
0,
0,
63,
66,
31,
17,
0,
0,
59,
0,
0,
0,
14,
0,
0,
0,
17,
0,
168,
161,
28,
1,
88,
0,
0,
0,
0,
9,
0,
0,
0,
0,
0,
0,
15,
58,
42,
0,
0,
0,
53,
0,
0,
0,
0,
0,
0,
0,
35,
0,
167,
191,
4,
0,
89,
0,
0,
0,
0,
0,
0,
0,
0,
0,
0,
0,
0,
22,
23,
0,
0,
0,
0,
32,
0,
101,
0,
0,
0,
0,
0,
0,
162,
240,
0,
0,
29,
0,
0,
0,
63,
0,
0,
0,
0,
15,
0,
0,
0,
78,
0,
0,
0,
0,
0,
0,
0,
89,
138,
0,
0,
0,
0,
23,
108,
255,
79,
0,
61,
127,
0,
0,
134,
0,
85,
56,
0,
0,
38,
0,
0,
0,
53,
0,
96,
0,
0,
0,
0,
244,
0,
151,
0,
0,
110,
0,
15,
41,
0,
0,
0,
0,
0,
29,
95,
0,
0,
0,
0,
0,
0,
0,
0,
0,
156,
0,
0,
0,
0,
0,
0,
221,
0,
58,
0,
0,
44,
0,
33,
108,
0,
0,
0,
0,
0,
0,
214,
0,
0,
0,
0,
0,
0,
0,
71,
0,
255,
0,
0,
0,
0,
0,
0,
76,
0,
50,
0,
0,
1,
0,
67,
86,
0,
0,
0,
0,
0,
0,
90,
0,
0,
0,
0,
0,
0,
0,
0,
0,
61,
0,
0,
0,
8,
0,
0,
134,
0,
0,
0,
0,
0,
0,
121,
197,
0,
0,
0,
0,
0,
0,
171,
0,
0,
0,
0,
0,
0,
0,
168,
0,
15,
0,
0,
0,
0,
0,
0,
89,
0,
0,
0,
0,
0,
0,
24,
140,
0,
0,
0,
0,
0,
0,
238,
0,
0,
0,
0,
0,
0,
0,
38,
0,
55,
0,
0,
0,
0,
40,
0,
172,
0,
0,
0,
0,
0,
0,
62,
170,
0,
0,
0,
0,
0,
0,
239,
0,
0,
0,
0,
101,
0,
0,
0,
0,
0,
0,
0,
0,
0,
0,
0,
206,
0,
0,
0,
0,
0,
0,
68,
246,
0,
0,
0,
0,
0,
0,
255,
0,
0,
0,
0,
0,
0,
0,
95,
0,
32,
0,
0,
0,
0,
0,
0,
127,
0,
0,
0,
0,
0,
0,
0,
93,
0,
0,
0,
0,
0,
0,
255,
0,
0,
0,
0,
0,
0,
70,
26,
0,
0,
0,
0,
0,
0,
0,
58,
57,
0,
0,
0,
0,
0,
0,
0,
131,
0,
0,
0,
0,
0,
0,
255,
0,
0,
0,
5,
0,
0,
71,
127,
13,
0,
0,
0,
0,
0,
0,
0,
68,
31,
0,
0,
0,
0,
0,
111,
148,
113,
0,
0,
45,
0,
2,
244,
0,
0,
0,
0,
0,
0,
0,
153,
64,
0,
0,
0,
0,
0,
0,
0,
0,
53,
0,
0,
0,
0,
32,
100,
142,
71,
0,
0,
0,
0,
56,
117,
0,
0,
0,
0,
0,
0,
0,
0,
69,
12,
0,
0,
0,
0,
0,
23,
0,
99,
0,
0,
0,
0,
0,
81,
159,
107,
0,
64,
0,
0,
18,
48,
0,
0,
0,
43,
0,
0,
0,
63,
54,
5,
15,
0,
0,
0,
5,
0,
0,
105,
0,
17,
0,
0,
0,
85,
170,
79,
0,
25,
0,
0,
0,
54,
0,
0,
0,
0,
0,
0,
0,
30,
84,
0,
0,
0,
0,
10,
27,
39,
0,
33,
0,
30,
0,
0,
9,
97,
154,
62,
0,
0,
0,
0,
0,
63,
0,
0,
0,
0,
0,
0,
0,
23,
24,
0,
0,
0,
0,
0,
21,
0,
135,
0,
0,
0,
0,
0,
0,
80,
151,
0,
0,
0,
0,
0,
0,
170,
0,
0,
0,
0,
0,
0,
17,
0,
90,
0,
0,
0,
0,
0,
0,
0,
133,
76,
0,
12,
0,
0,
5,
77,
255,
147,
0,
0,
119,
0,
0,
203,
0,
0,
27,
0,
0,
106,
113,
159,
0,
137,
0,
92,
0,
0,
0,
0,
208,
0,
179,
0,
0,
49,
0,
0,
45,
0,
0,
0,
0,
0,
0,
202,
0,
0,
0,
0,
0,
0,
20,
72,
0,
85,
0,
0,
0,
0,
0,
0,
160,
0,
19,
0,
0,
0,
0,
0,
118,
8,
0,
0,
0,
0,
0,
255,
0,
0,
0,
0,
0,
0,
57,
117,
0,
149,
0,
0,
0,
0,
0,
0,
29,
0,
52,
0,
0,
0,
0,
18,
79,
53,
0,
0,
0,
0,
0,
189,
0,
0,
0,
0,
0,
0,
41,
3,
0,
77,
0,
0,
0,
0,
0,
0,
108,
0,
7,
0,
0,
0,
0,
18,
127,
0,
0,
0,
0,
0,
0,
255,
0,
0,
0,
0,
0,
0,
127,
128,
0,
39,
0,
0,
0,
0,
0,
0,
66,
0,
0,
0,
0,
0,
0,
24,
128,
17,
0,
0,
0,
0,
0,
255,
0,
0,
0,
0,
0,
0,
63,
210,
0,
0,
0,
0,
0,
0,
62,
0,
150,
0,
0,
0,
0,
0,
0,
14,
106,
0,
0,
0,
0,
0,
27,
255,
0,
32,
0,
0,
0,
0,
0,
0,
0,
0,
0,
13,
0,
0,
0,
0,
200,
12,
0,
0,
0,
5,
0,
103,
148,
8,
0,
0,
0,
0,
22,
208,
0,
0,
0,
0,
57,
0,
0,
113,
0,
0,
0,
0,
0,
0,
0,
60,
88,
15,
0,
0,
0,
0,
0,
0,
116,
0,
0,
0,
18,
0,
156,
255,
0,
0,
0,
0,
0,
0,
81,
0,
0,
0,
0,
0,
0,
0,
0,
0,
44,
21,
0,
0,
0,
0,
0,
0,
146,
106,
0,
29,
0,
0,
60,
255,
0,
0,
0,
0,
0,
0,
20,
181,
6,
0,
0,
0,
0,
0,
0,
0,
93,
97,
0,
0,
0,
0,
0,
80,
161,
87,
0,
0,
0,
0,
80,
255,
0,
0,
0,
0,
0,
0,
0,
27,
116,
0,
0,
0,
0,
0,
0,
40,
0,
137,
0,
0,
0,
0,
37,
112,
197,
94,
0,
43,
0,
0,
140,
164,
0,
0,
0,
0,
0,
0,
0,
0,
90,
0,
0,
0,
0,
0,
0,
34,
0,
187,
0,
33,
17,
0,
36,
55,
182,
129,
0,
70,
0,
0,
100,
92,
0,
0,
0,
32,
0,
0,
0,
66,
39,
37,
0,
0,
0,
0,
0,
42,
0,
125,
0,
7,
0,
0,
1,
29,
192,
100,
0,
0,
0,
0,
41,
115,
0,
0,
0,
0,
0,
0,
0,
68,
88,
10,
0,
0,
0,
0,
24,
0,
0,
68,
0,
0,
0,
0,
7,
101,
156,
75,
0,
0,
0,
0,
0,
105,
0,
0,
0,
0,
18,
0,
0,
0,
64,
0,
0,
0,
0,
0,
2,
0,
67,
0,
0,
0,
0,
0,
0,
56,
118,
0,
0,
0,
0,
0,
0,
135,
0,
0,
0,
0,
22,
0,
0,
0,
88,
0,
0,
0,
0,
0,
0,
0,
106,
109,
0,
11,
0,
0,
0,
43,
201,
116,
0,
0,
84,
0,
0,
159,
0,
0,
47,
0,
23,
159,
102,
121,
0,
145,
0,
102,
0,
0,
0,
0,
146,
0,
186,
0,
0,
47,
0,
0,
60,
0,
0,
0,
0,
0,
0,
221,
0,
0,
0,
0,
0,
0,
0,
60,
0,
39,
0,
0,
0,
0,
0,
0,
131,
0,
69,
0,
0,
0,
0,
0,
51,
0,
0,
0,
0,
0,
0,
255,
0,
0,
0,
0,
0,
28,
34,
0,
0,
139,
0,
0,
0,
0,
0,
0,
55,
0,
31,
0,
0,
0,
0,
0,
73,
117,
0,
0,
15,
0,
0,
202,
0,
0,
0,
0,
0,
20,
13,
20,
0,
70,
0,
0,
0,
0,
0,
0,
139,
0,
46,
0,
0,
0,
0,
0,
129,
25,
0,
0,
0,
0,
0,
255,
0,
0,
0,
0,
0,
20,
38,
0,
0,
0,
0,
29,
0,
0,
0,
0,
111,
0,
35,
0,
0,
0,
0,
14,
99,
8,
0,
0,
0,
0,
0,
231,
0,
32,
0,
0,
0,
0,
0,
117,
0,
0,
0,
0,
0,
0,
0,
0,
116,
0,
53,
0,
0,
0,
0,
35,
88,
0,
0,
0,
0,
0,
21,
255,
0,
45,
0,
0,
0,
0,
0,
0,
62,
0,
0,
0,
0,
0,
0,
0,
59,
22,
0,
57,
0,
192,
0,
100,
76,
23,
0,
48,
0,
0,
23,
143,
0,
0,
0,
0,
0,
0,
0,
28,
91,
0,
0,
0,
0,
0,
0,
57,
52,
0,
0,
0,
0,
0,
0,
132,
117,
0,
0,
0,
0,
0,
2,
132,
0,
0,
0,
0,
8,
0,
0,
0,
34,
0,
0,
0,
0,
0,
44,
0,
115,
45,
0,
0,
0,
0,
0,
19,
128,
22,
0,
15,
0,
0,
0,
255,
0,
0,
0,
0,
0,
0,
0,
203,
13,
66,
0,
0,
0,
0,
0,
0,
125,
15,
0,
0,
0,
10,
0,
85,
97,
0,
0,
0,
0,
0,
0,
216,
0,
0,
0,
0,
0,
0,
0,
55,
165,
0,
0,
0,
0,
0,
0,
21,
31,
69,
0,
0,
0,
0,
0,
189,
192,
40,
0,
51,
0,
0,
2,
163,
0,
0,
0,
0,
0,
0,
0,
0,
167,
0,
0,
0,
0,
0,
0,
0,
0,
173,
0,
0,
88,
0,
103,
197,
232,
146,
0,
51,
14,
0,
46,
116,
0,
0,
0,
0,
0,
0,
0,
0,
29,
0,
0,
0,
0,
0,
0,
0,
26,
177,
0,
0,
0,
0,
0,
92,
225,
107,
0,
37,
6,
0,
84,
171,
0,
0,
0,
0,
0,
0,
0,
65,
33,
0,
0,
0,
0,
0,
0,
0,
0,
150,
0,
0,
0,
0,
0,
63,
194,
75,
0,
75,
0,
0,
109,
166,
0,
0,
0,
0,
14,
0,
0,
0,
75,
0,
40,
0,
0,
0,
0,
40,
0,
34,
0,
0,
20,
0,
0,
33,
140,
0,
0,
28,
0,
0,
102,
115,
0,
0,
0,
0,
12,
0,
0,
0,
116,
0,
0,
0,
0,
0,
0,
38,
13,
160,
0,
50,
0,
0,
8,
25,
202,
137,
0,
25,
58,
0,
0,
123,
0,
0,
69,
0,
23,
188,
103,
109,
0,
123,
0,
106,
0,
0,
0,
0,
132,
0,
186,
0,
0,
51,
0,
0,
49,
0,
0,
0,
0,
0,
0,
193,
0,
0,
0,
0,
0,
0,
0,
145,
0,
77,
0,
0,
0,
0,
0,
0,
93,
0,
118,
0,
0,
0,
0,
18,
41,
0,
0,
0,
0,
0,
0,
255,
0,
0,
0,
0,
0,
2,
9,
0,
0,
59,
0,
0,
0,
0,
2,
0,
69,
0,
0,
0,
0,
0,
0,
0,
119,
82,
0,
0,
1,
0,
0,
225,
0,
0,
0,
0,
0,
25,
0,
71,
0,
99,
0,
22,
0,
0,
27,
0,
139,
0,
67,
0,
0,
0,
0,
23,
100,
17,
0,
0,
0,
0,
0,
226,
0,
0,
0,
0,
0,
0,
0,
0,
0,
0,
0,
61,
0,
0,
24,
0,
99,
0,
145,
61,
0,
13,
0,
39,
106,
7,
0,
24,
0,
0,
8,
209,
0,
0,
0,
0,
0,
0,
0,
95,
0,
0,
0,
0,
0,
0,
0,
0,
0,
0,
167,
62,
0,
10,
0,
0,
15,
0,
0,
33,
0,
0,
45,
164,
32,
0,
0,
0,
0,
0,
0,
0,
48,
0,
0,
0,
0,
107,
0,
75,
0,
0,
30,
87,
0,
28,
0,
21,
39,
149,
0,
100,
0,
0,
0,
91,
0,
0,
0,
0,
0,
0,
0,
165,
77,
0,
4,
0,
0,
117,
0,
35,
0,
0,
0,
1,
0,
0,
0,
92,
19,
6,
9,
0,
0,
0,
0,
73,
0,
0,
0,
0,
0,
0,
37,
0,
0,
0,
0,
0,
0,
29,
0,
0,
84,
0,
0,
0,
0,
0,
0,
9,
101,
62,
0,
0,
0,
0,
0,
238,
0,
0,
0,
0,
0,
6,
64,
255,
20,
102,
0,
0,
0,
0,
0,
0,
69,
0,
0,
0,
0,
0,
0,
84,
34,
13,
0,
0,
5,
0,
0,
251,
3,
0,
0,
0,
0,
0,
0,
194,
151,
63,
0,
0,
0,
85,
80,
0,
0,
0,
0,
0,
0,
0,
0,
142,
38,
49,
0,
0,
0,
0,
0,
174,
0,
0,
0,
0,
0,
0,
0,
0,
191,
0,
0,
0,
0,
0,
27,
0,
0,
59,
0,
0,
0,
0,
67,
252,
176,
43,
0,
80,
0,
0,
15,
123,
0,
0,
0,
0,
0,
0,
0,
0,
144,
0,
0,
0,
0,
0,
0,
0,
0,
140,
0,
27,
39,
0,
58,
221,
190,
98,
0,
33,
42,
0,
56,
118,
0,
0,
0,
0,
0,
0,
0,
3,
58,
0,
0,
0,
0,
0,
0,
0,
21,
164,
0,
0,
0,
0,
0,
151,
204,
87,
0,
52,
0,
0,
65,
134,
14,
0,
0,
0,
0,
0,
0,
0,
88,
0,
28,
0,
0,
0,
0,
77,
0,
55,
0,
0,
0,
0,
0,
98,
204,
5,
0,
70,
0,
0,
45,
92,
0,
0,
0,
0,
0,
0,
0,
0,
140,
0,
0,
0,
0,
0,
0,
0,
32,
210,
0,
60,
0,
0,
37,
81,
235,
144,
0,
59,
70,
0,
0,
109,
0,
0,
65,
0,
18,
161,
114,
108,
0,
123,
0,
135,
0,
0,
0,
0,
127,
0,
180,
0,
0,
35,
0,
0,
48,
0,
0,
0,
0,
0,
0,
182,
0,
0,
0,
0,
0,
0,
0,
223,
0,
80,
0,
0,
0,
0,
0,
0,
72,
0,
122,
0,
0,
0,
0,
0,
16,
0,
0,
0,
0,
0,
0,
237,
0,
0,
0,
0,
0,
0,
90,
0,
0,
44,
0,
0,
0,
0,
0,
0,
36,
0,
0,
0,
0,
0,
0,
0,
103,
101,
0,
0,
0,
0,
0,
222,
0,
0,
0,
0,
0,
64,
55,
69,
0,
50,
0,
68,
0,
0,
0,
0,
168,
0,
98,
0,
0,
0,
0,
0,
73,
0,
0,
0,
0,
0,
36,
212,
0,
0,
0,
0,
0,
0,
0,
92,
0,
63,
0,
21,
0,
0,
0,
0,
90,
0,
193,
0,
0,
98,
0,
64,
103,
62,
0,
0,
0,
0,
47,
204,
0,
0,
0,
0,
0,
0,
0,
49,
75,
0,
0,
0,
0,
41,
0,
74,
0,
0,
3,
0,
0,
0,
0,
0,
69,
66,
0,
36,
0,
0,
0,
171,
0,
0,
0,
0,
0,
0,
0,
0,
43,
0,
0,
0,
0,
77,
9,
21,
0,
12,
0,
22,
0,
0,
0,
0,
0,
175,
0,
84,
0,
0,
0,
88,
0,
0,
0,
0,
0,
0,
0,
107,
178,
0,
0,
0,
0,
21,
33,
0,
0,
0,
0,
20,
0,
0,
0,
27,
6,
20,
0,
62,
0,
0,
0,
117,
0,
0,
0,
0,
0,
9,
4,
0,
4,
0,
0,
0,
0,
0,
20,
0,
106,
0,
0,
0,
0,
0,
37,
0,
17,
0,
0,
0,
0,
0,
0,
255,
0,
0,
0,
0,
0,
94,
39,
145,
37,
159,
0,
0,
0,
0,
0,
0,
150,
0,
0,
0,
0,
0,
0,
0,
0,
13,
0,
0,
93,
0,
0,
255,
0,
0,
0,
0,
0,
0,
0,
228,
91,
122,
0,
0,
0,
10,
13,
0,
33,
0,
12,
0,
0,
0,
0,
0,
0,
25,
0,
0,
0,
0,
0,
212,
26,
0,
0,
0,
0,
0,
0,
85,
179,
95,
0,
0,
0,
54,
74,
0,
0,
0,
0,
0,
0,
35,
14,
143,
57,
2,
0,
21,
0,
0,
0,
87,
0,
0,
0,
0,
0,
0,
0,
0,
153,
0,
0,
0,
0,
0,
0,
4,
17,
0,
0,
28,
0,
0,
82,
221,
177,
23,
0,
34,
0,
0,
0,
147,
0,
0,
0,
0,
0,
0,
0,
7,
120,
0,
0,
0,
0,
0,
0,
68,
4,
32,
0,
0,
0,
0,
12,
198,
170,
56,
0,
16,
0,
0,
0,
148,
0,
0,
0,
0,
0,
0,
0,
0,
54,
20,
9,
0,
0,
0,
1,
11,
0,
0,
0,
0,
0,
0,
0,
97,
129,
0,
0,
63,
0,
0,
0,
96,
0,
0,
0,
0,
0,
0,
0,
0,
154,
2,
0,
0,
0,
0,
0,
0,
0,
126,
0,
0,
0,
0,
17,
113,
192,
147,
0,
102,
26,
0,
0,
85,
0,
0,
67,
0,
21,
152,
107,
84,
0,
114,
0,
141,
0,
0,
0,
0,
140,
0,
182,
0,
0,
46,
0,
0,
49,
0,
0,
0,
0,
0,
0,
185,
0,
0,
0,
0,
0,
0,
0,
175,
0,
78,
0,
0,
0,
0,
0,
0,
52,
0,
145,
0,
0,
0,
0,
0,
0,
0,
0,
0,
0,
0,
0,
214,
0,
0,
0,
0,
0,
0,
4,
0,
0,
0,
0,
0,
0,
6,
21,
0,
56,
0,
32,
0,
0,
0,
0,
0,
67,
79,
0,
0,
0,
0,
0,
216,
0,
0,
0,
0,
0,
132,
0,
39,
0,
48,
0,
35,
0,
0,
0,
0,
174,
0,
89,
20,
0,
0,
0,
0,
34,
0,
0,
0,
0,
0,
0,
250,
0,
0,
0,
0,
0,
0,
0,
113,
0,
83,
0,
0,
0,
0,
35,
0,
143,
0,
197,
7,
0,
28,
0,
0,
41,
42,
0,
0,
0,
0,
0,
201,
0,
0,
0,
0,
0,
0,
0,
63,
42,
0,
0,
0,
0,
60,
41,
0,
29,
0,
0,
0,
0,
0,
0,
0,
28,
27,
0,
6,
0,
0,
0,
210,
0,
0,
0,
0,
0,
0,
0,
0,
36,
40,
0,
0,
0,
6,
67,
0,
11,
0,
0,
0,
0,
0,
0,
0,
0,
37,
0,
48,
0,
0,
0,
105,
0,
0,
0,
0,
0,
0,
0,
118,
70,
144,
0,
0,
0,
0,
41,
0,
34,
0,
0,
0,
0,
0,
0,
0,
0,
0,
1,
88,
0,
0,
0,
154,
0,
0,
0,
0,
0,
0,
0,
0,
3,
33,
0,
0,
0,
16,
63,
0,
114,
0,
0,
0,
0,
0,
81,
0,
8,
0,
0,
0,
0,
0,
0,
255,
0,
0,
0,
0,
3,
107,
14,
91,
0,
50,
0,
0,
0,
0,
0,
0,
118,
0,
0,
0,
0,
0,
0,
0,
0,
0,
0,
0,
85,
0,
0,
255,
0,
0,
0,
0,
0,
0,
0,
255,
16,
82,
0,
0,
0,
0,
8,
0,
16,
0,
120,
0,
0,
0,
0,
0,
0,
62,
0,
0,
0,
0,
0,
181,
34,
0,
0,
0,
0,
0,
0,
68,
158,
5,
2,
0,
0,
64,
83,
5,
0,
0,
23,
0,
0,
0,
0,
31,
0,
0,
0,
31,
0,
0,
0,
73,
0,
0,
0,
0,
0,
0,
0,
38,
133,
0,
0,
0,
0,
12,
39,
65,
0,
0,
0,
10,
0,
20,
26,
113,
53,
0,
0,
10,
0,
0,
0,
123,
0,
0,
0,
0,
0,
0,
0,
0,
114,
0,
0,
0,
0,
0,
52,
12,
38,
5,
0,
0,
0,
0,
164,
133,
134,
0,
0,
0,
14,
0,
0,
156,
0,
0,
0,
0,
0,
0,
0,
21,
27,
41,
0,
0,
0,
0,
81,
0,
68,
0,
0,
0,
4,
0,
14,
53,
111,
0,
0,
0,
0,
0,
0,
89,
0,
0,
0,
0,
2,
0,
0,
0,
122,
72,
0,
0,
0,
0,
52,
0,
28,
85,
0,
0,
0,
0,
0,
68,
191,
84,
0,
103,
25,
0,
0,
61,
0,
0,
72,
0,
7,
153,
108,
81,
0,
104,
0,
135,
0,
0,
0,
0,
148,
0,
174,
0,
0,
49,
0,
0,
48,
0,
0,
0,
0,
0,
0,
184,
0,
0,
0,
0,
0,
0,
0,
156,
0,
86,
0,
0,
0,
0,
0,
0,
52,
0,
150,
0,
0,
0,
0,
0,
0,
0,
0,
0,
0,
0,
0,
199,
0,
0,
0,
0,
0,
0,
16,
0,
0,
52,
0,
0,
0,
47,
30,
0,
40,
0,
69,
0,
0,
0,
0,
0,
44,
93,
0,
0,
0,
0,
0,
196,
0,
0,
0,
0,
0,
25,
113,
37,
0,
23,
0,
48,
0,
0,
0,
0,
104,
0,
17,
69,
0,
0,
0,
0,
48,
13,
0,
0,
0,
0,
0,
235,
0,
0,
0,
0,
0,
55,
43,
161,
0,
13,
0,
0,
0,
0,
0,
0,
70,
0,
137,
0,
0,
0,
0,
0,
0,
31,
0,
0,
0,
0,
0,
195,
0,
0,
0,
0,
0,
0,
4,
128,
18,
0,
0,
0,
0,
28,
40,
31,
0,
0,
24,
5,
0,
0,
0,
0,
0,
34,
0,
0,
0,
0,
23,
194,
0,
0,
0,
0,
0,
0,
46,
0,
28,
0,
0,
0,
0,
14,
29,
1,
37,
0,
0,
0,
0,
0,
37,
0,
0,
4,
0,
0,
0,
0,
0,
213,
0,
0,
0,
0,
0,
46,
0,
63,
0,
78,
0,
0,
0,
0,
51,
0,
54,
0,
0,
0,
0,
0,
0,
0,
0,
0,
0,
0,
0,
0,
0,
223,
0,
108,
0,
0,
0,
0,
0,
7,
0,
93,
0,
0,
0,
0,
45,
0,
95,
0,
0,
0,
0,
0,
0,
0,
0,
0,
0,
0,
0,
0,
0,
255,
0,
0,
0,
0,
0,
41,
150,
0,
0,
104,
0,
0,
0,
0,
0,
0,
60,
0,
0,
0,
0,
0,
0,
0,
0,
17,
0,
0,
82,
0,
0,
229,
0,
0,
0,
0,
0,
0,
0,
255,
4,
74,
0,
0,
0,
0,
0,
0,
31,
0,
59,
0,
0,
0,
0,
0,
0,
99,
0,
0,
0,
0,
11,
208,
72,
0,
0,
0,
0,
0,
0,
31,
140,
0,
27,
0,
0,
78,
22,
0,
0,
0,
36,
0,
0,
0,
0,
0,
0,
56,
0,
41,
0,
0,
0,
81,
0,
0,
0,
0,
0,
0,
0,
68,
137,
0,
0,
0,
0,
33,
19,
65,
0,
0,
0,
0,
0,
0,
12,
55,
0,
0,
0,
27,
0,
0,
0,
70,
0,
0,
0,
0,
0,
0,
2,
0,
107,
0,
0,
0,
0,
0,
0,
18,
0,
0,
0,
0,
0,
0,
177,
141,
79,
51,
0,
0,
0,
0,
0,
117,
0,
0,
0,
1,
78,
0,
0,
21,
0,
0,
0,
0,
0,
0,
0,
0,
19,
0,
0,
0,
0,
0,
105,
87,
124,
0,
0,
0,
0,
0,
10,
76,
0,
0,
0,
0,
45,
0,
0,
0,
40,
15,
0,
0,
0,
0,
0,
0,
0,
124,
0,
24,
0,
0,
0,
30,
169,
125,
0,
109,
68,
0,
0,
72,
0,
0,
90,
0,
19,
189,
104,
35,
0,
118,
0,
156,
0,
0,
0,
0,
142,
0,
121,
0,
0,
0,
0,
0,
49,
0,
8,
0,
0,
0,
0,
184,
0,
0,
0,
0,
0,
16,
0,
122,
0,
114,
0,
0,
0,
0,
0,
0,
86,
0,
94,
0,
0,
0,
0,
0,
0,
0,
0,
0,
0,
0,
0,
217,
0,
16,
0,
0,
0,
0,
0,
0,
0,
34,
0,
0,
0,
0,
8,
0,
5,
0,
57,
0,
0,
0,
0,
0,
2,
45,
0,
0,
0,
0,
0,
190,
0,
0,
0,
0,
0,
29,
101,
0,
0,
0,
0,
0,
0,
0,
0,
0,
46,
0,
18,
0,
0,
0,
0,
0,
21,
49,
0,
0,
0,
0,
0,
173,
0,
0,
0,
0,
0,
52,
18,
96,
0,
0,
0,
0,
0,
0,
0,
0,
73,
0,
105,
0,
0,
0,
0,
0,
0,
15,
45,
0,
0,
0,
0,
157,
0,
0,
0,
0,
0,
0,
0,
35,
0,
0,
0,
0,
0,
0,
0,
51,
78,
0,
11,
0,
0,
0,
0,
0,
0,
0,
39,
0,
0,
0,
0,
206,
0,
0,
0,
0,
0,
0,
18,
0,
0,
0,
0,
0,
0,
11,
79,
0,
126,
0,
0,
0,
0,
0,
0,
0,
10,
0,
0,
0,
0,
0,
0,
255,
0,
191,
0,
0,
0,
0,
0,
39,
0,
0,
0,
0,
0,
0,
0,
0,
65,
0,
0,
0,
0,
0,
0,
0,
0,
0,
0,
34,
0,
0,
0,
220,
0,
46,
0,
0,
0,
0,
0,
116,
0,
0,
0,
0,
0,
0,
0,
0,
27,
0,
54,
0,
0,
0,
0,
0,
0,
0,
0,
0,
0,
0,
0,
195,
0,
0,
0,
0,
9,
91,
0,
0,
0,
25,
0,
0,
0,
0,
6,
0,
96,
0,
15,
0,
0,
0,
0,
0,
0,
28,
0,
0,
10,
0,
0,
255,
0,
0,
0,
0,
22,
35,
0,
246,
0,
100,
0,
0,
0,
0,
11,
0,
49,
0,
33,
0,
0,
0,
0,
0,
0,
0,
0,
0,
0,
0,
0,
178,
38,
0,
0,
0,
0,
0,
0,
2,
80,
18,
0,
0,
0,
55,
64,
0,
0,
0,
75,
0,
0,
0,
0,
0,
0,
75,
0,
75,
0,
0,
0,
85,
0,
0,
0,
0,
0,
0,
0,
59,
129,
0,
2,
0,
0,
38,
47,
51,
0,
0,
7,
0,
0,
0,
17,
29,
0,
0,
0,
49,
0,
0,
1,
25,
0,
0,
0,
0,
0,
0,
0,
0,
120,
3,
0,
0,
0,
1,
41,
0,
0,
0,
0,
0,
0,
0,
111,
153,
98,
25,
0,
24,
0,
0,
0,
53,
17,
0,
0,
0,
0,
0,
0,
16,
135,
36,
0,
0,
0,
0,
0,
0,
26,
9,
0,
0,
0,
0,
83,
199,
150,
0,
0,
0,
0,
0,
34,
17,
0,
0,
0,
0,
13,
0,
0,
0,
172,
6,
0,
0,
0,
0,
0,
0,
8,
181,
0,
0,
0,
0,
46,
117,
221,
134,
0,
45,
81,
0,
0,
49,
0,
0,
95,
0,
142,
246,
0,
0,
0,
4,
0,
104,
0,
0,
26,
0,
157,
0,
91,
0,
0,
9,
0,
0,
42,
0,
19,
0,
0,
0,
0,
159,
0,
0,
0,
0,
62,
36,
0,
53,
0,
143,
0,
0,
0,
0,
62,
0,
116,
0,
121,
0,
0,
0,
0,
0,
0,
0,
0,
0,
0,
0,
0,
173,
0,
0,
0,
0,
0,
0,
0,
0,
0,
93,
0,
0,
0,
37,
56,
0,
33,
0,
53,
0,
0,
0,
0,
0,
0,
31,
0,
7,
0,
0,
0,
173,
0,
0,
0,
0,
0,
0,
0,
0,
0,
0,
0,
0,
0,
22,
0,
0,
0,
0,
23,
1,
0,
0,
0,
0,
0,
87,
0,
0,
0,
0,
0,
107,
0,
0,
0,
0,
0,
31,
0,
0,
0,
0,
0,
0,
0,
12,
0,
37,
52,
0,
5,
0,
0,
0,
0,
0,
0,
0,
51,
0,
0,
0,
0,
115,
0,
0,
0,
0,
31,
0,
0,
0,
0,
0,
0,
0,
0,
0,
0,
0,
173,
0,
0,
0,
0,
0,
0,
0,
30,
0,
99,
0,
0,
0,
0,
203,
0,
207,
0,
0,
0,
0,
0,
0,
0,
0,
0,
0,
0,
0,
0,
0,
185,
0,
0,
0,
0,
0,
0,
0,
0,
0,
22,
39,
0,
0,
0,
243,
0,
122,
0,
0,
0,
0,
0,
63,
0,
0,
0,
0,
5,
0,
0,
0,
74,
0,
27,
0,
0,
0,
0,
0,
0,
0,
0,
52,
0,
0,
0,
241,
0,
0,
0,
0,
0,
0,
0,
205,
34,
0,
0,
0,
0,
15,
0,
0,
7,
0,
72,
0,
0,
0,
0,
0,
0,
0,
0,
11,
0,
0,
0,
162,
0,
0,
0,
0,
0,
0,
53,
0,
1,
29,
0,
0,
0,
51,
0,
0,
27,
0,
0,
0,
0,
0,
0,
0,
0,
72,
0,
16,
0,
0,
0,
252,
0,
0,
0,
0,
0,
25,
47,
255,
14,
0,
0,
0,
33,
0,
0,
0,
0,
0,
36,
0,
0,
0,
0,
0,
0,
0,
0,
0,
23,
0,
24,
120,
0,
0,
0,
0,
0,
0,
9,
41,
67,
0,
16,
0,
0,
10,
23,
112,
0,
0,
80,
0,
0,
0,
0,
0,
0,
79,
0,
51,
0,
0,
87,
79,
0,
0,
0,
0,
0,
0,
7,
50,
69,
0,
27,
0,
0,
19,
0,
128,
8,
0,
0,
0,
0,
0,
1,
0,
73,
0,
51,
0,
0,
0,
42,
58,
0,
0,
0,
0,
0,
0,
53,
0,
78,
0,
0,
0,
0,
0,
0,
90,
35,
0,
0,
0,
0,
0,
37,
81,
195,
55,
19,
0,
0,
0,
0,
90,
0,
0,
0,
33,
0,
0,
0,
142,
102,
89,
0,
0,
0,
0,
55,
51,
51,
0,
0,
0,
0,
22,
75,
145,
203,
0,
29,
0,
0,
0,
0,
80,
0,
0,
0,
0,
0,
0,
0,
0,
158,
51,
0,
0,
0,
0,
0,
0,
30,
156,
0,
0,
0,
0,
83,
121,
255,
145,
0,
33,
77,
0,
0,
69,
0,
0,
106,
28,
1,
165,
51,
0,
0,
0,
0,
153,
0,
0,
0,
0,
131,
0,
38,
0,
0,
0,
0,
0,
37,
0,
0,
0,
0,
0,
0,
108,
0,
0,
37,
0,
29,
98,
62,
182,
0,
85,
0,
9,
0,
0,
0,
0,
80,
0,
95,
0,
0,
0,
0,
0,
15,
0,
0,
0,
0,
0,
0,
152,
0,
0,
0,
0,
0,
0,
0,
0,
0,
153,
0,
0,
0,
8,
0,
0,
0,
0,
4,
0,
2,
0,
0,
0,
0,
52,
0,
0,
0,
0,
0,
182,
0,
0,
0,
0,
0,
0,
0,
42,
0,
50,
0,
0,
0,
12,
1,
0,
0,
0,
0,
0,
0,
0,
0,
0,
0,
93,
0,
4,
0,
0,
10,
82,
0,
7,
0,
0,
0,
0,
0,
6,
0,
0,
23,
0,
0,
18,
0,
46,
13,
0,
0,
0,
0,
0,
73,
0,
0,
0,
0,
0,
0,
0,
4,
78,
0,
66,
75,
0,
53,
139,
0,
0,
0,
0,
0,
52,
0,
0,
0,
0,
155,
0,
0,
0,
0,
0,
0,
0,
5,
0,
46,
0,
0,
0,
0,
135,
0,
25,
2,
0,
0,
86,
0,
0,
0,
86,
0,
0,
0,
0,
0,
0,
173,
0,
0,
0,
0,
0,
0,
0,
0,
0,
82,
12,
0,
0,
0,
127,
0,
0,
0,
0,
0,
0,
0,
0,
0,
92,
0,
0,
0,
0,
0,
0,
84,
0,
63,
0,
0,
0,
0,
0,
0,
0,
151,
40,
0,
0,
0,
183,
0,
0,
0,
0,
0,
0,
17,
75,
28,
68,
0,
0,
0,
0,
0,
0,
0,
0,
0,
0,
0,
0,
0,
0,
0,
0,
110,
102,
0,
0,
0,
146,
0,
0,
0,
0,
0,
0,
49,
0,
0,
29,
0,
0,
0,
9,
14,
0,
83,
0,
11,
0,
0,
0,
0,
0,
0,
0,
36,
75,
0,
0,
0,
227,
0,
0,
0,
0,
0,
0,
39,
235,
102,
0,
0,
0,
0,
0,
0,
0,
20,
0,
80,
0,
0,
23,
0,
11,
27,
33,
48,
26,
0,
0,
31,
181,
0,
0,
0,
0,
0,
0,
0,
7,
91,
0,
0,
0,
0,
24,
0,
133,
1,
9,
0,
0,
0,
0,
0,
11,
110,
48,
22,
4,
0,
0,
42,
165,
0,
0,
0,
19,
0,
0,
0,
0,
20,
0,
0,
0,
0,
0,
0,
182,
40,
32,
0,
0,
0,
0,
16,
38,
212,
0,
85,
11,
0,
0,
0,
158,
0,
0,
0,
12,
0,
0,
20,
0,
69,
0,
0,
0,
0,
0,
48,
0,
51,
21,
0,
0,
0,
0,
29,
116,
249,
30,
34,
0,
0,
0,
0,
166,
0,
0,
0,
70,
30,
0,
0,
146,
75,
0,
0,
0,
0,
0,
24,
0,
54,
0,
0,
0,
0,
0,
14,
86,
193,
0,
7,
0,
0,
0,
0,
138,
0,
0,
0,
0,
28,
0,
0,
0,
80,
79,
0,
0,
0,
0,
0,
0,
51,
159,
0,
0,
0,
0,
9,
89,
228,
114,
0,
0,
99,
0,
0,
56,
0,
40,
79,
41,
0,
104,
0,
0,
0,
0,
28,
140,
0,
0,
0,
0,
131,
0,
76,
0,
0,
0,
0,
0,
25,
0,
54,
0,
0,
0,
0,
84,
0,
0,
59,
0,
99,
121,
0,
34,
0,
68,
0,
50,
0,
0,
0,
0,
116,
0,
30,
0,
0,
0,
0,
0,
41,
0,
33,
0,
0,
0,
0,
159,
0,
0,
0,
0,
0,
0,
0,
0,
0,
189,
0,
0,
0,
0,
0,
0,
95,
0,
21,
0,
0,
0,
0,
0,
1,
22,
0,
0,
0,
0,
0,
224,
0,
0,
0,
0,
0,
0,
0,
55,
0,
170,
0,
0,
0,
0,
0,
0,
31,
0,
0,
0,
0,
0,
0,
0,
35,
47,
0,
5,
0,
0,
0,
141,
0,
0,
0,
0,
0,
0,
0,
12,
7,
43,
6,
0,
0,
30,
9,
0,
3,
0,
0,
0,
0,
0,
36,
0,
6,
0,
0,
4,
0,
0,
0,
117,
0,
51,
5,
0,
0,
71,
0,
0,
0,
0,
0,
0,
0,
0,
0,
0,
60,
0,
0,
0,
0,
0,
76,
12,
9,
0,
0,
0,
0,
0,
0,
112,
0,
0,
37,
0,
155,
225,
0,
0,
0,
0,
0,
0,
0,
0,
0,
0,
79,
0,
0,
0,
0,
0,
0,
0,
0,
0,
53,
0,
18,
0,
0,
95,
0,
0,
0,
0,
69,
26,
0,
0,
0,
103,
0,
0,
0,
0,
0,
0,
39,
0,
18,
0,
0,
0,
0,
0,
0,
0,
122,
0,
0,
0,
0,
127,
0,
0,
82,
0,
104,
24,
0,
0,
0,
68,
0,
0,
0,
0,
0,
0,
0,
0,
25,
0,
0,
0,
0,
0,
0,
0,
160,
84,
0,
0,
0,
115,
0,
74,
70,
0,
0,
23,
0,
0,
0,
0,
0,
0,
0,
0,
35,
0,
71,
0,
187,
0,
0,
0,
0,
0,
0,
0,
149,
90,
0,
0,
0,
127,
0,
0,
0,
0,
0,
0,
0,
66,
0,
0,
0,
0,
0,
0,
0,
0,
112,
0,
147,
0,
0,
57,
0,
0,
19,
0,
179,
65,
0,
0,
0,
197,
0,
0,
0,
0,
0,
0,
0,
0,
0,
0,
0,
0,
0,
0,
109,
154,
61,
0,
0,
0,
0,
0,
0,
0,
128,
4,
153,
2,
0,
0,
0,
201,
0,
51,
0,
0,
0,
0,
0,
0,
0,
0,
0,
0,
0,
0,
196,
0,
38,
0,
0,
0,
0,
0,
0,
19,
162,
0,
182,
11,
0,
0,
0,
124,
0,
54,
0,
0,
0,
0,
0,
0,
0,
0,
0,
0,
0,
0,
87,
0,
0,
20,
0,
0,
0,
0,
0,
75,
123,
0,
80,
71,
0,
0,
0,
68,
0,
0,
0,
0,
0,
0,
0,
68,
17,
1,
34,
0,
0,
0,
18,
0,
11,
0,
0,
0,
0,
0,
0,
67,
111,
0,
25,
0,
0,
0,
0,
83,
0,
0,
0,
0,
0,
0,
0,
0,
122,
38,
0,
0,
0,
0,
0,
0,
41,
116,
0,
0,
0,
0,
12,
81,
201,
123,
0,
6,
71,
0,
0,
77,
0,
23,
99,
0,
0,
91,
0,
0,
0,
0,
21,
112,
0,
0,
77,
0,
101,
0,
56,
0,
0,
0,
0,
0,
23,
0,
37,
0,
0,
0,
0,
80,
0,
0,
89,
0,
141,
178,
0,
22,
0,
53,
0,
68,
0,
0,
0,
0,
132,
0,
53,
0,
0,
0,
0,
0,
23,
0,
0,
0,
0,
0,
0,
138,
0,
0,
0,
0,
14,
0,
0,
0,
0,
98,
0,
0,
0,
0,
9,
0,
87,
0,
57,
0,
0,
0,
0,
0,
0,
0,
0,
0,
0,
0,
0,
244,
0,
0,
0,
0,
24,
0,
0,
61,
0,
110,
0,
0,
0,
0,
6,
0,
40,
0,
0,
0,
0,
0,
0,
0,
23,
0,
0,
0,
0,
0,
0,
180,
0,
0,
0,
0,
0,
0,
0,
0,
0,
96,
0,
0,
0,
2,
35,
0,
29,
0,
0,
0,
0,
0,
0,
0,
15,
0,
0,
0,
0,
0,
0,
140,
0,
0,
0,
0,
0,
0,
0,
28,
0,
91,
0,
0,
0,
8,
21,
0,
54,
0,
0,
0,
0,
0,
83,
52,
32,
13,
0,
0,
0,
0,
0,
89,
0,
0,
3,
0,
16,
88,
0,
0,
0,
0,
0,
29,
0,
0,
0,
0,
82,
0,
0,
0,
0,
0,
18,
41,
63,
0,
0,
0,
0,
0,
0,
116,
0,
50,
29,
0,
55,
88,
0,
55,
0,
0,
0,
33,
0,
0,
0,
0,
66,
0,
0,
0,
0,
0,
0,
0,
0,
0,
0,
0,
0,
0,
43,
27,
0,
25,
122,
0,
0,
67,
0,
0,
0,
0,
0,
42,
0,
0,
0,
0,
6,
0,
32,
0,
0,
0,
0,
0,
5,
0,
0,
168,
0,
0,
57,
66,
0,
0,
111,
0,
0,
36,
0,
0,
0,
0,
0,
74,
0,
0,
0,
6,
23,
0,
90,
0,
0,
0,
0,
0,
0,
0,
67,
45,
0,
0,
10,
40,
0,
0,
0,
0,
57,
0,
0,
0,
0,
0,
0,
0,
0,
16,
60,
180,
27,
0,
0,
0,
0,
0,
0,
0,
71,
0,
111,
0,
0,
0,
0,
192,
0,
102,
0,
0,
0,
0,
0,
0,
0,
0,
0,
0,
0,
0,
158,
0,
3,
0,
0,
0,
0,
0,
0,
0,
26,
0,
94,
26,
0,
0,
0,
62,
0,
188,
0,
41,
0,
0,
0,
0,
0,
0,
0,
0,
0,
51,
29,
0,
26,
0,
0,
0,
0,
0,
0,
29,
37,
0,
108,
55,
0,
0,
0,
50,
0,
0,
64,
33,
0,
0,
0,
0,
0,
6,
0,
0,
0,
74,
8,
0,
0,
0,
0,
0,
0,
0,
0,
63,
97,
63,
27,
45,
0,
0,
0,
20,
0,
0,
0,
0,
7,
0,
0,
49,
2,
55,
72,
0,
0,
0,
87,
51,
0,
0,
0,
0,
0,
0,
0,
14,
113,
0,
28,
0,
0,
0,
0,
74,
0,
0,
0,
0,
0,
0,
0,
0,
105,
69,
0,
0,
0,
0,
8,
0,
61,
89,
0,
0,
0,
0,
1,
51,
179,
114,
0,
0,
57,
0,
0,
76,
0,
15,
98,
54,
0,
69,
58,
0,
0,
21,
22,
124,
0,
0,
17,
0,
125,
0,
42,
0,
0,
0,
0,
0,
16,
0,
0,
0,
0,
0,
0,
67,
0,
0,
93,
0,
41,
165,
110,
33,
0,
15,
0,
129,
0,
0,
0,
0,
130,
0,
105,
0,
0,
11,
0,
0,
45,
0,
0,
0,
0,
0,
0,
136,
0,
0,
0,
0,
0,
0,
0,
32,
0,
81,
0,
0,
0,
0,
0,
0,
84,
0,
138,
0,
0,
0,
0,
0,
7,
0,
0,
0,
0,
0,
0,
219,
0,
0,
0,
0,
0,
0,
50,
4,
0,
0,
0,
0,
0,
0,
0,
8,
0,
0,
44,
0,
0,
0,
0,
0,
33,
28,
0,
47,
0,
0,
0,
179,
0,
0,
0,
0,
0,
0,
0,
17,
0,
0,
0,
0,
0,
0,
0,
18,
0,
0,
0,
0,
2,
0,
0,
18,
58,
69,
2,
0,
0,
0,
33,
163,
0,
0,
0,
0,
0,
0,
0,
0,
52,
87,
0,
0,
0,
0,
0,
0,
0,
3,
0,
0,
45,
0,
25,
1,
65,
29,
52,
21,
0,
0,
0,
82,
0,
0,
0,
0,
0,
24,
0,
0,
0,
121,
0,
0,
0,
0,
0,
0,
0,
27,
0,
0,
0,
0,
0,
12,
42,
56,
32,
148,
0,
0,
5,
55,
0,
0,
0,
0,
0,
0,
0,
0,
0,
0,
0,
0,
0,
0,
0,
29,
0,
0,
0,
0,
0,
14,
0,
53,
12,
0,
111,
51,
0,
0,
0,
54,
0,
0,
0,
0,
0,
0,
0,
0,
0,
0,
0,
0,
0,
19,
39,
1,
0,
0,
1,
0,
0,
0,
0,
0,
42,
5,
165,
93,
0,
0,
0,
41,
0,
0,
52,
0,
0,
4,
0,
0,
0,
0,
0,
0,
0,
23,
43,
0,
0,
0,
3,
0,
0,
0,
0,
0,
16,
0,
232,
91,
0,
0,
0,
16,
0,
23,
0,
0,
0,
0,
0,
0,
0,
0,
0,
0,
0,
11,
34,
0,
41,
0,
0,
0,
0,
0,
0,
0,
44,
0,
146,
6,
0,
0,
0,
137,
0,
93,
0,
0,
0,
0,
0,
0,
0,
0,
0,
0,
0,
14,
0,
0,
16,
0,
0,
0,
0,
0,
0,
0,
34,
0,
26,
21,
0,
0,
0,
71,
0,
0,
0,
45,
0,
0,
0,
0,
0,
0,
0,
0,
0,
27,
0,
0,
26,
0,
0,
0,
0,
0,
0,
0,
49,
0,
124,
3,
0,
0,
0,
99,
0,
0,
65,
0,
0,
0,
0,
0,
0,
62,
0,
44,
0,
0,
24,
0,
0,
0,
0,
0,
0,
0,
0,
0,
132,
92,
123,
123,
0,
0,
0,
7,
88,
0,
0,
76,
0,
0,
0,
0,
39,
90,
43,
35,
0,
0,
108,
0,
0,
0,
0,
0,
0,
0,
0,
0,
86,
0,
54,
63,
0,
0,
0,
14,
1,
0,
0,
0,
0,
0,
0,
0,
164,
36,
0,
0,
0,
0,
48,
0,
0,
65,
0,
0,
0,
0,
0,
33,
118,
148,
0,
119,
0,
0,
0,
23,
0,
11,
25,
33,
15,
72,
21,
0,
0,
0,
0,
57,
0,
0,
39,
0,
66,
0,
58,
0,
0,
0,
0,
0,
19,
0,
0,
0,
0,
0,
0,
49,
0,
0,
36,
0,
82,
196,
0,
24,
0,
0,
0,
79,
0,
0,
37,
0,
67,
0,
132,
29,
0,
83,
0,
0,
15,
0,
0,
0,
0,
0,
0,
91,
0,
0,
0,
0,
68,
60,
0,
0,
0,
0,
0,
0,
0,
0,
77,
10,
3,
0,
114,
0,
0,
0,
0,
0,
0,
0,
37,
0,
0,
0,
0,
68,
0,
0,
0,
0,
28,
0,
0,
0,
0,
0,
0,
0,
0,
10,
139,
0,
0,
0,
32,
0,
0,
0,
0,
0,
0,
37,
117,
4,
0,
0,
0,
45,
0,
0,
0,
0,
0,
0,
0,
0,
0,
0,
0,
0,
0,
0,
147,
0,
0,
0,
0,
0,
0,
0,
0,
0,
36,
15,
134,
21,
0,
11,
0,
14,
0,
0,
0,
0,
19,
0,
0,
0,
0,
0,
0,
0,
0,
0,
160,
0,
0,
19,
0,
0,
0,
0,
0,
63,
63,
0,
149,
35,
0,
0,
0,
20,
0,
0,
0,
0,
55,
20,
0,
0,
0,
57,
0,
0,
0,
0,
100,
0,
0,
0,
0,
0,
33,
34,
0,
0,
0,
0,
131,
16,
0,
0,
0,
0,
0,
0,
22,
0,
0,
2,
0,
0,
0,
77,
0,
0,
0,
0,
47,
0,
0,
0,
0,
0,
0,
3,
0,
0,
0,
0,
171,
42,
0,
0,
0,
0,
0,
7,
38,
0,
0,
0,
0,
0,
0,
0,
0,
0,
0,
72,
49,
0,
0,
0,
0,
0,
0,
0,
0,
0,
30,
2,
128,
94,
0,
25,
0,
0,
0,
15,
81,
0,
0,
0,
0,
0,
0,
0,
0,
1,
0,
20,
51,
0,
0,
0,
0,
0,
0,
0,
0,
0,
23,
0,
75,
31,
0,
0,
0,
0,
0,
0,
35,
0,
30,
0,
0,
0,
0,
0,
0,
0,
0,
0,
94,
0,
57,
0,
0,
0,
0,
0,
0,
0,
10,
0,
28,
0,
0,
0,
0,
14,
0,
0,
6,
0,
13,
0,
0,
0,
0,
0,
0,
0,
0,
0,
44,
0,
53,
0,
0,
0,
0,
0,
0,
0,
48,
0,
42,
0,
0,
0,
0,
39,
0,
0,
0,
0,
70,
0,
0,
0,
0,
0,
0,
0,
0,
0,
181,
0,
20,
0,
0,
0,
0,
0,
0,
0,
73,
0,
92,
0,
0,
0,
0,
62,
0,
0,
92,
0,
198,
14,
0,
0,
0,
0,
0,
0,
0,
0,
240,
0,
2,
0,
0,
0,
0,
46,
0,
0,
57,
0,
154,
0,
0,
0,
0,
0,
0,
0,
54,
0,
255,
46,
0,
0,
0,
0,
0,
0,
0,
0,
255,
0,
0,
0,
0,
0,
0,
110,
0,
0,
0,
0,
180,
0,
0,
0,
0,
0,
0,
0,
165,
0,
143,
0,
0,
0,
0,
37,
0,
0,
0,
0,
96,
0,
0,
51,
0,
0,
0,
107,
0,
0,
2,
0,
49,
82,
0,
0,
0,
0,
