# block5.conv1.sn_input_layers.2.0 (shape [4, 4, 127]),
0,
1,
24,
75,
57,
11,
0,
3,
67,
0,
10,
0,
36,
13,
0,
0,
0,
0,
11,
152,
0,
67,
4,
0,
0,
15,
0,
0,
15,
0,
0,
0,
79,
0,
0,
28,
0,
25,
121,
0,
0,
0,
81,
62,
0,
0,
0,
21,
0,
85,
68,
0,
4,
0,
11,
0,
0,
0,
0,
7,
0,
53,
37,
0,
13,
0,
80,
5,
0,
0,
0,
151,
114,
0,
3,
34,
0,
5,
20,
0,
78,
18,
1,
3,
24,
0,
9,
1,
15,
0,
2,
0,
53,
24,
28,
0,
0,
0,
0,
60,
30,
62,
0,
0,
0,
2,
0,
8,
2,
0,
0,
1,
49,
0,
0,
24,
0,
23,
0,
16,
0,
0,
0,
0,
0,
7,
9,
0,
1,
8,
150,
88,
0,
0,
0,
32,
0,
88,
0,
62,
29,
0,
0,
0,
0,
28,
222,
0,
0,
35,
0,
0,
5,
0,
12,
53,
0,
0,
0,
95,
127,
0,
56,
1,
47,
24,
0,
0,
0,
8,
51,
0,
0,
5,
2,
20,
33,
65,
0,
0,
3,
9,
0,
22,
0,
0,
9,
0,
71,
37,
0,
106,
0,
3,
6,
0,
3,
1,
189,
255,
0,
0,
29,
0,
0,
0,
15,
140,
17,
0,
4,
39,
0,
0,
5,
0,
0,
0,
4,
71,
38,
8,
100,
0,
125,
0,
0,
7,
83,
0,
0,
0,
19,
0,
58,
2,
0,
0,
28,
16,
0,
13,
86,
37,
29,
0,
2,
2,
0,
0,
0,
83,
30,
70,
0,
1,
1,
122,
112,
26,
0,
62,
9,
1,
137,
0,
73,
76,
0,
0,
0,
0,
19,
243,
0,
0,
0,
19,
0,
9,
0,
1,
23,
0,
0,
0,
75,
151,
1,
36,
10,
49,
0,
0,
0,
0,
1,
1,
0,
0,
4,
5,
118,
0,
6,
0,
0,
9,
0,
0,
0,
0,
0,
0,
1,
62,
39,
0,
56,
0,
0,
0,
0,
1,
0,
128,
255,
7,
0,
78,
0,
3,
6,
0,
203,
6,
0,
13,
7,
16,
30,
6,
0,
0,
8,
58,
38,
0,
86,
35,
48,
141,
1,
0,
105,
92,
0,
0,
38,
5,
19,
147,
2,
0,
0,
1,
0,
2,
13,
55,
50,
12,
0,
4,
0,
0,
0,
1,
57,
0,
0,
0,
0,
65,
17,
69,
41,
0,
2,
0,
0,
61,
0,
37,
43,
4,
0,
0,
0,
10,
115,
0,
0,
5,
7,
0,
18,
0,
0,
0,
0,
23,
0,
116,
104,
1,
30,
20,
139,
0,
0,
0,
0,
0,
0,
0,
0,
0,
14,
19,
0,
0,
0,
0,
44,
0,
0,
31,
0,
15,
0,
66,
13,
0,
0,
87,
0,
0,
0,
0,
7,
0,
84,
171,
16,
0,
51,
1,
0,
0,
0,
65,
23,
0,
11,
5,
17,
59,
7,
4,
0,
0,
69,
4,
0,
0,
29,
14,
54,
1,
0,
87,
53,
0,
98,
54,
9,
1,
0,
2,
0,
0,
1,
0,
0,
0,
21,
0,
0,
21,
0,
0,
0,
0,
0,
3,
0,
33,
72,
4,
41,
133,
0,
0,
0,
22,
1,
0,
46,
0,
71,
0,
0,
25,
52,
0,
27,
107,
0,
0,
23,
0,
6,
1,
0,
0,
74,
0,
0,
2,
53,
0,
0,
0,
0,
104,
60,
0,
0,
0,
143,
5,
0,
0,
0,
42,
0,
43,
68,
63,
6,
22,
17,
0,
0,
0,
30,
0,
0,
34,
20,
0,
14,
0,
118,
0,
0,
0,
29,
175,
61,
0,
52,
54,
24,
18,
47,
173,
0,
55,
2,
2,
39,
0,
13,
0,
40,
0,
0,
23,
68,
13,
4,
0,
0,
0,
0,
48,
66,
61,
0,
0,
0,
0,
82,
73,
2,
0,
0,
9,
0,
0,
5,
6,
16,
51,
0,
81,
41,
54,
25,
0,
0,
0,
27,
94,
21,
12,
191,
0,
0,
5,
23,
102,
1,
68,
0,
79,
0,
0,
12,
96,
0,
81,
116,
0,
0,
55,
35,
14,
14,
0,
52,
80,
0,
0,
0,
35,
145,
0,
0,
0,
171,
0,
0,
0,
0,
18,
38,
0,
68,
1,
3,
1,
27,
209,
49,
47,
0,
19,
0,
66,
0,
79,
9,
0,
255,
91,
0,
128,
0,
106,
0,
0,
21,
39,
184,
141,
0,
0,
114,
66,
18,
24,
255,
0,
14,
2,
2,
31,
0,
6,
11,
23,
0,
77,
48,
113,
45,
37,
163,
0,
180,
0,
83,
0,
66,
92,
0,
0,
8,
129,
0,
2,
0,
0,
76,
0,
0,
20,
0,
34,
62,
0,
58,
38,
29,
30,
0,
9,
9,
96,
79,
21,
10,
207,
0,
49,
13,
47,
86,
23,
48,
0,
86,
65,
0,
1,
69,
0,
102,
154,
0,
8,
30,
119,
16,
16,
0,
0,
50,
0,
0,
0,
75,
189,
1,
0,
14,
109,
0,
0,
0,
110,
0,
23,
0,
92,
1,
0,
89,
0,
165,
0,
13,
0,
0,
0,
90,
0,
51,
0,
13,
255,
107,
0,
0,
0,
13,
9,
0,
3,
18,
45,
191,
11,
14,
136,
80,
0,
1,
255,
67,
12,
0,
0,
18,
8,
26,
45,
0,
29,
146,
51,
50,
33,
91,
39,
7,
255,
4,
12,
67,
33,
36,
23,
47,
0,
103,
0,
2,
0,
14,
13,
0,
0,
48,
0,
66,
34,
0,
38,
0,
0,
16,
0,
49,
91,
0,
64,
15,
147,
77,
43,
64,
11,
0,
23,
0,
0,
0,
41,
36,
11,
0,
33,
0,
13,
91,
0,
0,
31,
45,
0,
11,
8,
0,
0,
70,
139,
0,
49,
56,
1,
34,
35,
122,
0,
0,
0,
106,
0,
8,
0,
36,
0,
10,
0,
0,
36,
0,
0,
70,
0,
0,
26,
2,
34,
20,
78,
91,
26,
0,
31,
0,
0,
0,
0,
0,
12,
0,
150,
28,
37,
171,
25,
31,
44,
192,
0,
45,
0,
4,
2,
4,
83,
21,
5,
17,
0,
25,
68,
1,
0,
0,
0,
90,
5,
0,
83,
33,
0,
63,
78,
12,
56,
0,
2,
0,
0,
1,
0,
0,
15,
0,
0,
8,
64,
4,
0,
0,
9,
0,
54,
13,
15,
0,
46,
54,
0,
0,
0,
3,
51,
0,
0,
8,
0,
0,
35,
0,
37,
21,
0,
0,
27,
0,
6,
28,
3,
20,
0,
0,
6,
5,
0,
0,
0,
30,
0,
1,
0,
0,
82,
14,
0,
0,
0,
111,
55,
0,
3,
0,
55,
21,
31,
40,
0,
8,
35,
2,
0,
0,
0,
0,
1,
0,
22,
43,
73,
0,
0,
120,
30,
136,
0,
1,
106,
25,
1,
167,
44,
72,
0,
32,
68,
0,
41,
0,
0,
0,
0,
17,
0,
53,
3,
0,
64,
10,
15,
56,
0,
0,
0,
7,
51,
108,
6,
98,
0,
0,
19,
1,
0,
2,
47,
0,
44,
5,
0,
21,
53,
23,
42,
0,
26,
0,
27,
18,
0,
5,
8,
62,
0,
67,
14,
0,
0,
0,
0,
38,
59,
12,
0,
0,
0,
50,
2,
21,
95,
0,
0,
0,
0,
32,
32,
110,
53,
3,
0,
20,
6,
0,
0,
0,
92,
0,
1,
6,
0,
211,
4,
0,
0,
41,
0,
86,
0,
0,
4,
39,
0,
25,
39,
9,
175,
0,
0,
0,
137,
0,
35,
0,
0,
231,
80,
112,
0,
0,
124,
32,
249,
0,
0,
154,
58,
2,
15,
84,
142,
30,
11,
55,
0,
19,
0,
0,
11,
0,
7,
14,
92,
20,
36,
50,
199,
90,
0,
83,
0,
0,
9,
75,
11,
35,
105,
0,
0,
15,
32,
0,
2,
0,
0,
102,
0,
0,
20,
103,
0,
12,
0,
15,
16,
36,
0,
5,
0,
39,
98,
0,
55,
0,
9,
0,
94,
0,
0,
95,
83,
0,
0,
0,
77,
0,
13,
99,
0,
38,
0,
0,
0,
62,
197,
59,
4,
21,
2,
4,
0,
66,
4,
43,
43,
1,
0,
0,
101,
0,
0,
0,
224,
0,
76,
10,
0,
1,
28,
72,
0,
0,
0,
114,
0,
0,
0,
215,
0,
2,
15,
8,
255,
93,
148,
0,
0,
0,
13,
241,
1,
0,
97,
77,
0,
121,
98,
100,
0,
20,
59,
0,
62,
0,
0,
17,
0,
55,
37,
2,
0,
146,
50,
55,
133,
97,
114,
0,
112,
0,
0,
16,
4,
0,
19,
14,
9,
50,
0,
0,
0,
53,
62,
0,
0,
97,
88,
108,
0,
0,
16,
12,
33,
0,
30,
0,
87,
0,
0,
19,
93,
18,
0,
44,
27,
0,
68,
22,
0,
0,
0,
60,
0,
4,
97,
0,
37,
0,
0,
0,
41,
57,
26,
7,
39,
0,
0,
91,
71,
0,
0,
12,
1,
22,
9,
7,
0,
0,
0,
86,
0,
48,
85,
77,
0,
28,
0,
0,
6,
14,
7,
38,
0,
0,
61,
39,
0,
0,
38,
167,
74,
130,
0,
0,
0,
18,
179,
1,
0,
27,
91,
0,
193,
89,
24,
99,
26,
29,
0,
65,
0,
16,
2,
0,
159,
39,
1,
0,
0,
55,
48,
20,
0,
0,
0,
91,
2,
22,
63,
8,
0,
50,
22,
17,
28,
52,
0,
0,
0,
3,
0,
0,
37,
49,
0,
0,
28,
0,
0,
0,
0,
32,
22,
54,
5,
1,
19,
30,
0,
0,
0,
0,
7,
0,
0,
0,
0,
0,
28,
0,
20,
62,
0,
0,
0,
0,
65,
31,
0,
19,
0,
25,
0,
0,
0,
0,
0,
47,
11,
1,
0,
0,
14,
62,
0,
0,
52,
43,
6,
54,
0,
0,
44,
90,
0,
10,
0,
0,
23,
3,
0,
0,
0,
26,
0,
0,
18,
5,
98,
0,
0,
74,
32,
82,
9,
14,
62,
1,
7,
126,
20,
20,
0,
15,
0,
0,
0,
0,
31,
2,
32,
19,
0,
22,
0,
9,
96,
0,
0,
21,
38,
0,
0,
19,
23,
83,
0,
27,
0,
28,
0,
65,
0,
2,
0,
59,
51,
0,
0,
26,
33,
16,
31,
14,
24,
0,
47,
0,
0,
2,
83,
45,
1,
2,
3,
0,
0,
5,
0,
0,
0,
24,
0,
0,
0,
58,
0,
19,
101,
0,
0,
0,
0,
42,
22,
9,
49,
0,
33,
0,
0,
0,
0,
0,
32,
20,
1,
0,
0,
74,
95,
0,
0,
88,
33,
22,
73,
0,
0,
50,
14,
0,
0,
0,
107,
58,
24,
0,
0,
0,
22,
0,
0,
18,
46,
212,
0,
0,
87,
31,
149,
9,
14,
114,
1,
21,
0,
52,
28,
1,
8,
0,
0,
0,
0,
73,
11,
91,
4,
1,
80,
0,
14,
105,
83,
0,
0,
46,
0,
0,
25,
33,
7,
0,
0,
0,
19,
2,
85,
1,
2,
22,
33,
79,
0,
0,
0,
46,
0,
12,
44,
80,
0,
85,
0,
0,
20,
49,
45,
0,
0,
0,
0,
0,
20,
0,
12,
0,
90,
0,
0,
0,
38,
0,
0,
159,
0,
0,
0,
0,
0,
36,
55,
67,
1,
152,
0,
0,
37,
145,
0,
0,
0,
1,
0,
0,
47,
5,
0,
0,
0,
0,
11,
20,
0,
9,
38,
69,
0,
3,
0,
78,
11,
37,
0,
0,
4,
66,
0,
2,
91,
54,
255,
0,
0,
0,
0,
153,
55,
10,
89,
17,
4,
52,
29,
16,
17,
0,
0,
0,
22,
0,
93,
2,
73,
55,
0,
29,
0,
85,
67,
86,
0,
28,
89,
0,
77,
18,
23,
0,
3,
0,
5,
2,
18,
109,
0,
0,
0,
110,
69,
0,
0,
114,
42,
17,
0,
25,
76,
0,
81,
0,
0,
9,
38,
0,
0,
4,
15,
0,
0,
0,
17,
7,
27,
36,
0,
0,
1,
11,
31,
3,
128,
0,
0,
14,
0,
0,
16,
13,
24,
3,
142,
0,
0,
20,
68,
0,
0,
0,
1,
0,
0,
0,
0,
0,
0,
43,
0,
15,
86,
0,
11,
31,
0,
0,
31,
0,
1,
5,
20,
0,
1,
38,
44,
0,
10,
77,
49,
174,
0,
0,
0,
1,
116,
15,
0,
0,
39,
0,
165,
42,
20,
36,
78,
0,
0,
32,
0,
59,
0,
20,
115,
31,
9,
0,
0,
72,
0,
0,
0,
0,
0,
45,
3,
52,
84,
3,
22,
17,
1,
18,
61,
11,
0,
0,
32,
9,
0,
0,
52,
32,
0,
0,
42,
16,
0,
45,
0,
0,
0,
23,
0,
