# block5.conv1.sn_input_layers.2.3 (shape [4, 4, 234]),
18,
26,
18,
0,
0,
0,
0,
0,
0,
0,
0,
0,
0,
0,
0,
3,
0,
0,
0,
0,
0,
17,
36,
23,
0,
0,
18,
21,
4,
0,
0,
7,
0,
0,
0,
0,
43,
0,
22,
0,
0,
0,
0,
42,
0,
0,
0,
0,
0,
5,
0,
0,
0,
0,
0,
5,
0,
0,
0,
0,
1,
0,
63,
0,
27,
0,
0,
0,
11,
5,
25,
0,
0,
0,
0,
0,
13,
0,
0,
36,
22,
0,
39,
24,
59,
0,
36,
0,
0,
0,
0,
42,
0,
14,
4,
0,
0,
23,
24,
0,
83,
0,
0,
17,
0,
0,
0,
10,
0,
0,
0,
24,
0,
0,
0,
0,
0,
15,
0,
0,
0,
8,
0,
0,
8,
0,
0,
0,
0,
0,
24,
0,
0,
0,
0,
0,
51,
15,
0,
0,
0,
0,
0,
0,
0,
0,
0,
0,
0,
16,
0,
0,
0,
0,
0,
0,
0,
0,
0,
0,
0,
6,
30,
29,
0,
0,
0,
0,
0,
0,
0,
0,
3,
15,
0,
37,
0,
0,
0,
0,
0,
44,
2,
0,
0,
0,
0,
5,
0,
0,
0,
0,
0,
0,
0,
0,
23,
0,
0,
0,
0,
26,
0,
11,
17,
0,
0,
0,
0,
0,
11,
19,
0,
0,
32,
35,
0,
0,
10,
0,
45,
0,
0,
0,
0,
0,
0,
0,
9,
19,
0,
56,
0,
0,
50,
46,
47,
0,
0,
0,
0,
0,
0,
0,
0,
0,
0,
0,
0,
0,
0,
0,
0,
0,
0,
0,
103,
37,
0,
0,
0,
24,
46,
0,
0,
0,
0,
0,
0,
0,
33,
0,
67,
0,
0,
0,
0,
13,
0,
13,
27,
0,
0,
39,
0,
0,
0,
0,
0,
74,
0,
0,
16,
0,
0,
0,
110,
0,
63,
0,
0,
0,
15,
107,
58,
20,
0,
0,
0,
45,
10,
0,
0,
32,
92,
17,
0,
54,
65,
21,
0,
0,
0,
0,
0,
53,
0,
0,
26,
0,
0,
34,
88,
0,
52,
0,
0,
90,
0,
0,
0,
34,
0,
0,
0,
63,
0,
15,
0,
30,
0,
77,
0,
0,
15,
0,
0,
0,
0,
0,
0,
0,
0,
32,
72,
0,
0,
0,
0,
0,
43,
0,
0,
43,
0,
0,
0,
0,
0,
6,
0,
0,
0,
7,
0,
0,
0,
0,
0,
0,
0,
0,
0,
0,
43,
0,
43,
88,
1,
23,
0,
0,
0,
0,
0,
0,
0,
40,
0,
66,
0,
0,
0,
0,
0,
143,
39,
43,
0,
0,
3,
51,
0,
17,
0,
0,
63,
19,
0,
0,
6,
0,
0,
0,
34,
26,
0,
26,
0,
27,
0,
28,
2,
0,
0,
0,
0,
0,
73,
36,
98,
0,
0,
0,
42,
0,
0,
25,
0,
0,
0,
0,
38,
0,
0,
64,
0,
0,
70,
42,
45,
0,
0,
0,
0,
0,
0,
24,
0,
0,
0,
0,
0,
0,
0,
25,
0,
0,
0,
0,
72,
35,
0,
0,
0,
40,
0,
0,
0,
0,
0,
0,
0,
0,
30,
0,
92,
3,
17,
0,
0,
0,
0,
0,
0,
8,
0,
28,
0,
0,
0,
0,
0,
96,
0,
0,
51,
0,
0,
0,
52,
0,
0,
0,
27,
0,
0,
130,
45,
0,
0,
0,
0,
54,
0,
0,
0,
0,
83,
44,
0,
51,
34,
0,
0,
0,
50,
0,
0,
98,
0,
0,
16,
0,
0,
0,
118,
0,
31,
0,
0,
110,
0,
0,
0,
41,
0,
0,
0,
52,
0,
71,
0,
0,
0,
92,
0,
0,
0,
0,
0,
0,
0,
0,
0,
0,
0,
65,
83,
0,
0,
0,
0,
0,
49,
0,
0,
29,
0,
0,
0,
0,
0,
0,
0,
0,
0,
11,
0,
0,
0,
36,
0,
0,
0,
0,
0,
0,
99,
0,
12,
59,
0,
61,
0,
15,
0,
0,
0,
0,
0,
0,
0,
47,
0,
0,
0,
0,
0,
158,
21,
82,
0,
0,
0,
78,
0,
32,
0,
0,
115,
16,
0,
0,
0,
0,
0,
0,
45,
0,
0,
27,
0,
12,
0,
40,
0,
0,
0,
0,
0,
0,
25,
38,
113,
0,
0,
0,
5,
0,
0,
16,
0,
0,
0,
0,
0,
0,
0,
32,
0,
0,
30,
14,
0,
0,
0,
0,
0,
17,
0,
0,
0,
0,
0,
0,
6,
0,
0,
0,
0,
0,
0,
0,
18,
0,
0,
0,
0,
11,
0,
0,
0,
5,
0,
21,
0,
0,
0,
0,
0,
0,
15,
0,
0,
0,
0,
25,
0,
0,
0,
16,
0,
0,
0,
0,
4,
14,
0,
0,
55,
0,
0,
0,
0,
0,
0,
0,
0,
0,
0,
17,
28,
0,
0,
0,
0,
62,
0,
0,
0,
0,
15,
39,
0,
0,
0,
7,
0,
0,
0,
0,
0,
12,
0,
0,
0,
0,
0,
0,
0,
0,
0,
0,
0,
4,
0,
0,
6,
0,
30,
0,
0,
0,
0,
24,
0,
0,
0,
7,
0,
0,
13,
0,
0,
0,
0,
0,
0,
0,
0,
35,
0,
0,
0,
0,
0,
0,
0,
0,
0,
0,
0,
0,
0,
0,
0,
0,
0,
44,
9,
10,
0,
0,
0,
0,
0,
0,
0,
0,
0,
0,
82,
0,
30,
0,
16,
0,
0,
44,
0,
0,
0,
0,
0,
0,
0,
0,
0,
0,
15,
0,
0,
58,
18,
86,
0,
0,
0,
49,
0,
0,
0,
0,
31,
34,
0,
2,
0,
0,
0,
27,
1,
0,
0,
0,
0,
38,
0,
39,
0,
0,
0,
0,
0,
0,
12,
7,
46,
0,
0,
0,
0,
0,
0,
0,
0,
0,
0,
0,
1,
0,
0,
0,
0,
0,
24,
25,
42,
0,
0,
0,
0,
0,
0,
0,
0,
0,
0,
0,
0,
24,
0,
0,
0,
0,
0,
0,
0,
6,
0,
0,
0,
0,
10,
0,
0,
0,
0,
46,
0,
0,
33,
0,
23,
12,
25,
0,
0,
0,
0,
0,
2,
0,
3,
0,
22,
0,
0,
0,
0,
0,
0,
4,
0,
0,
5,
0,
42,
0,
37,
0,
0,
0,
0,
0,
0,
0,
5,
0,
0,
37,
55,
0,
0,
0,
49,
0,
20,
34,
16,
1,
0,
0,
0,
28,
0,
39,
0,
21,
0,
0,
0,
10,
1,
0,
19,
0,
0,
10,
0,
0,
0,
50,
0,
19,
0,
46,
0,
0,
0,
0,
0,
49,
0,
0,
0,
0,
0,
0,
0,
0,
0,
0,
0,
0,
50,
0,
0,
0,
0,
0,
47,
14,
0,
3,
0,
0,
0,
0,
0,
0,
0,
0,
0,
0,
0,
0,
0,
0,
0,
0,
0,
0,
0,
0,
0,
0,
0,
0,
0,
0,
0,
0,
0,
0,
0,
0,
0,
15,
0,
0,
0,
0,
0,
0,
0,
49,
0,
0,
0,
0,
0,
0,
0,
0,
0,
0,
15,
0,
0,
0,
25,
0,
0,
0,
18,
20,
0,
0,
19,
0,
0,
28,
0,
66,
0,
0,
0,
0,
33,
53,
21,
0,
0,
0,
0,
0,
0,
0,
0,
0,
0,
13,
0,
0,
0,
71,
0,
0,
72,
91,
75,
15,
0,
0,
0,
0,
0,
0,
0,
0,
0,
0,
0,
0,
0,
0,
47,
0,
0,
40,
37,
75,
0,
0,
3,
0,
189,
95,
45,
0,
0,
2,
0,
0,
35,
12,
36,
0,
0,
8,
0,
0,
43,
13,
145,
0,
0,
0,
0,
0,
0,
0,
0,
0,
0,
8,
0,
0,
48,
0,
102,
0,
176,
26,
0,
0,
26,
45,
0,
117,
63,
0,
0,
63,
98,
0,
0,
40,
78,
27,
0,
52,
0,
25,
0,
0,
0,
19,
0,
0,
0,
0,
26,
0,
0,
45,
53,
0,
52,
0,
0,
59,
0,
0,
0,
42,
0,
0,
0,
93,
0,
67,
0,
59,
0,
46,
0,
0,
1,
0,
0,
6,
37,
0,
0,
0,
0,
0,
94,
0,
0,
0,
0,
21,
66,
46,
30,
20,
0,
0,
0,
0,
0,
0,
0,
0,
35,
15,
0,
0,
0,
0,
0,
159,
14,
0,
0,
0,
5,
0,
0,
35,
32,
0,
0,
0,
0,
0,
0,
0,
0,
126,
0,
0,
0,
0,
0,
0,
0,
131,
7,
12,
0,
0,
0,
0,
0,
0,
0,
0,
65,
0,
0,
21,
90,
0,
0,
0,
120,
86,
41,
0,
13,
0,
0,
35,
72,
21,
2,
63,
0,
1,
111,
16,
60,
1,
0,
0,
64,
0,
38,
0,
0,
0,
0,
0,
40,
0,
0,
45,
0,
13,
78,
81,
103,
72,
0,
0,
0,
0,
0,
18,
0,
0,
0,
0,
0,
0,
0,
0,
0,
0,
0,
24,
0,
51,
0,
0,
0,
0,
69,
96,
0,
0,
0,
0,
0,
0,
0,
22,
5,
4,
0,
0,
0,
0,
33,
28,
96,
15,
13,
0,
0,
0,
0,
20,
0,
0,
0,
0,
0,
0,
58,
0,
36,
0,
130,
1,
0,
11,
0,
70,
15,
63,
13,
0,
0,
71,
27,
0,
0,
0,
46,
51,
0,
48,
0,
24,
0,
3,
0,
0,
0,
0,
0,
3,
5,
0,
0,
42,
107,
0,
62,
0,
0,
129,
0,
0,
0,
32,
10,
0,
0,
93,
0,
124,
0,
30,
0,
14,
0,
0,
0,
0,
0,
0,
34,
0,
0,
0,
0,
7,
114,
0,
0,
0,
0,
12,
86,
0,
4,
24,
0,
0,
0,
0,
0,
0,
0,
0,
9,
41,
0,
0,
4,
0,
0,
129,
40,
0,
0,
0,
53,
0,
0,
9,
30,
18,
0,
0,
0,
0,
0,
0,
0,
22,
0,
0,
0,
0,
0,
0,
48,
75,
0,
8,
0,
0,
0,
0,
0,
3,
0,
0,
88,
0,
0,
0,
1,
0,
0,
0,
160,
10,
0,
0,
14,
0,
0,
63,
93,
0,
0,
28,
0,
0,
46,
0,
33,
0,
0,
0,
79,
0,
0,
0,
0,
0,
0,
0,
0,
0,
0,
8,
0,
0,
35,
8,
12,
6,
0,
0,
0,
0,
0,
0,
0,
0,
0,
0,
0,
0,
0,
0,
0,
0,
0,
0,
0,
0,
0,
0,
0,
12,
0,
26,
0,
0,
0,
0,
0,
0,
0,
0,
0,
0,
0,
0,
0,
0,
0,
53,
0,
0,
0,
0,
19,
0,
0,
0,
0,
0,
0,
4,
0,
0,
0,
0,
0,
0,
0,
0,
0,
0,
0,
0,
0,
0,
25,
0,
0,
50,
0,
0,
0,
0,
0,
30,
0,
0,
0,
38,
0,
0,
0,
0,
0,
0,
0,
0,
0,
0,
0,
0,
0,
0,
14,
0,
0,
34,
0,
0,
0,
0,
0,
0,
0,
0,
0,
43,
0,
0,
7,
0,
0,
0,
0,
0,
0,
0,
0,
0,
0,
0,
0,
12,
10,
0,
0,
0,
0,
14,
0,
0,
38,
0,
0,
0,
15,
0,
0,
0,
0,
12,
0,
33,
0,
0,
0,
0,
0,
20,
0,
0,
0,
0,
52,
0,
0,
0,
9,
0,
0,
16,
0,
0,
0,
0,
0,
0,
0,
0,
0,
4,
0,
0,
0,
38,
0,
0,
0,
0,
0,
15,
0,
0,
0,
0,
43,
0,
0,
0,
0,
0,
0,
0,
24,
0,
0,
0,
27,
0,
0,
58,
7,
62,
0,
6,
0,
0,
0,
0,
0,
0,
0,
0,
2,
0,
0,
0,
0,
0,
0,
0,
0,
0,
0,
0,
0,
0,
0,
0,
0,
0,
0,
15,
0,
5,
0,
0,
0,
0,
0,
0,
0,
0,
0,
0,
0,
0,
14,
0,
0,
0,
0,
0,
0,
0,
3,
0,
0,
0,
0,
27,
0,
0,
2,
0,
0,
0,
12,
0,
0,
0,
0,
0,
0,
0,
0,
0,
0,
0,
0,
0,
3,
0,
14,
0,
0,
0,
0,
0,
0,
0,
0,
1,
0,
0,
0,
0,
0,
0,
0,
12,
0,
28,
0,
0,
0,
0,
0,
0,
57,
0,
20,
1,
0,
18,
0,
29,
0,
0,
0,
0,
0,
0,
0,
33,
0,
0,
0,
0,
0,
0,
0,
0,
0,
0,
0,
64,
0,
31,
0,
0,
12,
0,
0,
0,
0,
3,
0,
0,
0,
0,
0,
0,
0,
0,
0,
0,
0,
11,
0,
0,
6,
0,
0,
29,
0,
0,
0,
0,
29,
46,
0,
0,
0,
0,
0,
0,
0,
0,
0,
0,
0,
0,
0,
39,
0,
0,
0,
0,
0,
0,
0,
0,
0,
0,
0,
0,
0,
0,
0,
0,
0,
0,
0,
0,
0,
0,
0,
0,
0,
0,
18,
45,
0,
0,
9,
0,
18,
0,
0,
0,
0,
0,
33,
0,
0,
0,
0,
0,
0,
0,
30,
0,
0,
17,
0,
0,
0,
12,
2,
0,
0,
0,
0,
0,
0,
0,
0,
0,
0,
0,
0,
0,
21,
0,
0,
0,
0,
0,
6,
0,
12,
0,
0,
0,
0,
67,
24,
10,
0,
59,
0,
0,
0,
0,
0,
0,
0,
0,
17,
0,
32,
0,
64,
6,
19,
0,
38,
0,
179,
0,
78,
9,
0,
47,
17,
0,
0,
0,
17,
0,
0,
29,
0,
0,
65,
7,
104,
0,
0,
0,
0,
0,
0,
0,
5,
0,
0,
11,
0,
33,
52,
0,
0,
0,
109,
89,
0,
0,
45,
0,
0,
0,
18,
0,
0,
108,
70,
0,
0,
0,
19,
0,
0,
0,
0,
0,
71,
0,
0,
130,
0,
0,
0,
15,
0,
0,
0,
134,
0,
20,
0,
0,
35,
0,
0,
0,
0,
22,
0,
17,
0,
109,
0,
74,
29,
0,
0,
17,
0,
59,
0,
0,
0,
7,
17,
0,
0,
0,
28,
42,
26,
53,
0,
0,
0,
10,
21,
126,
66,
0,
0,
0,
9,
86,
0,
105,
2,
0,
17,
0,
0,
0,
65,
0,
0,
63,
9,
0,
0,
0,
0,
13,
0,
64,
0,
25,
73,
0,
0,
50,
0,
0,
10,
68,
0,
0,
0,
0,
8,
3,
0,
7,
0,
0,
60,
0,
2,
0,
59,
0,
35,
0,
26,
0,
82,
2,
115,
0,
0,
0,
59,
98,
4,
0,
2,
0,
0,
0,
6,
0,
63,
134,
0,
3,
64,
51,
4,
52,
0,
0,
43,
0,
57,
30,
0,
0,
0,
0,
56,
0,
0,
0,
0,
39,
0,
0,
0,
0,
2,
16,
33,
38,
0,
114,
0,
0,
7,
0,
0,
0,
0,
0,
0,
0,
0,
0,
0,
9,
0,
0,
0,
0,
132,
17,
122,
7,
0,
20,
24,
0,
0,
0,
0,
0,
0,
0,
36,
0,
35,
67,
93,
0,
0,
0,
0,
0,
0,
0,
21,
0,
0,
0,
12,
16,
62,
0,
0,
0,
95,
142,
0,
0,
9,
0,
0,
0,
0,
0,
0,
85,
0,
0,
3,
0,
0,
0,
0,
0,
0,
16,
0,
22,
0,
94,
0,
0,
0,
5,
0,
0,
0,
156,
0,
44,
0,
69,
134,
22,
0,
0,
0,
17,
32,
0,
0,
121,
0,
133,
12,
0,
0,
0,
0,
59,
0,
0,
0,
0,
0,
0,
0,
0,
0,
68,
37,
106,
0,
0,
4,
28,
15,
0,
86,
0,
0,
0,
14,
96,
0,
91,
0,
0,
48,
17,
47,
5,
115,
0,
0,
60,
85,
0,
0,
0,
34,
0,
0,
1,
32,
187,
11,
0,
0,
37,
0,
0,
0,
0,
0,
0,
0,
0,
0,
0,
23,
0,
0,
0,
21,
0,
0,
0,
12,
0,
73,
0,
33,
0,
29,
26,
41,
0,
0,
22,
110,
35,
0,
0,
0,
0,
0,
0,
33,
0,
0,
142,
78,
0,
0,
0,
21,
40,
0,
0,
53,
0,
35,
8,
0,
0,
0,
0,
0,
0,
0,
0,
0,
0,
0,
0,
0,
0,
10,
0,
0,
12,
0,
26,
0,
0,
0,
0,
0,
0,
0,
0,
0,
0,
0,
0,
0,
0,
0,
0,
0,
0,
0,
0,
26,
0,
0,
0,
2,
0,
0,
0,
0,
0,
0,
0,
0,
0,
0,
52,
0,
0,
0,
0,
0,
0,
0,
0,
37,
0,
0,
0,
0,
0,
0,
0,
0,
0,
0,
58,
0,
0,
0,
0,
0,
0,
6,
0,
0,
24,
0,
21,
0,
0,
0,
0,
0,
0,
14,
20,
0,
12,
0,
20,
0,
0,
0,
0,
0,
0,
0,
49,
0,
0,
0,
8,
21,
55,
0,
0,
0,
0,
34,
0,
0,
0,
0,
62,
0,
0,
0,
0,
0,
4,
0,
0,
0,
0,
0,
0,
0,
0,
0,
0,
0,
88,
0,
4,
0,
0,
0,
0,
0,
0,
0,
0,
62,
22,
0,
61,
0,
0,
0,
18,
0,
0,
0,
0,
0,
0,
58,
0,
0,
0,
0,
0,
0,
0,
0,
64,
0,
0,
0,
7,
0,
0,
0,
0,
0,
0,
0,
0,
0,
0,
0,
0,
0,
0,
9,
0,
0,
0,
0,
0,
17,
0,
0,
0,
0,
0,
0,
0,
0,
0,
30,
10,
0,
0,
0,
0,
0,
49,
0,
0,
0,
34,
46,
0,
0,
0,
0,
0,
0,
0,
0,
0,
0,
0,
0,
0,
0,
0,
0,
0,
0,
0,
24,
0,
0,
0,
0,
0,
0,
0,
25,
10,
0,
0,
0,
0,
0,
0,
0,
0,
0,
21,
0,
0,
11,
0,
0,
0,
0,
22,
0,
0,
0,
0,
8,
0,
0,
4,
7,
0,
0,
0,
22,
0,
0,
0,
0,
0,
0,
0,
0,
0,
0,
0,
0,
0,
0,
0,
0,
0,
15,
0,
33,
11,
0,
0,
0,
0,
0,
0,
0,
0,
0,
0,
0,
0,
0,
19,
0,
26,
0,
0,
0,
0,
0,
0,
10,
0,
0,
0,
0,
20,
13,
48,
0,
0,
0,
0,
0,
0,
0,
21,
0,
14,
0,
0,
0,
0,
0,
0,
0,
0,
4,
15,
0,
30,
9,
7,
23,
0,
0,
0,
0,
50,
0,
0,
0,
0,
0,
0,
0,
0,
0,
11,
0,
20,
12,
0,
0,
0,
1,
27,
0,
0,
0,
0,
6,
30,
0,
0,
0,
0,
0,
7,
0,
0,
0,
0,
0,
0,
15,
9,
0,
0,
0,
0,
0,
0,
0,
0,
0,
0,
14,
4,
0,
0,
22,
0,
0,
0,
0,
0,
31,
2,
0,
0,
0,
0,
0,
47,
0,
0,
23,
4,
9,
0,
9,
0,
0,
0,
13,
0,
0,
0,
0,
0,
0,
0,
0,
0,
0,
16,
0,
0,
0,
6,
0,
0,
0,
0,
0,
0,
0,
0,
0,
0,
0,
0,
0,
12,
0,
0,
0,
0,
0,
0,
1,
0,
0,
0,
0,
0,
0,
38,
40,
66,
0,
0,
0,
0,
7,
56,
0,
0,
0,
51,
0,
3,
0,
0,
0,
0,
0,
36,
0,
0,
0,
0,
49,
0,
0,
4,
61,
0,
0,
0,
44,
0,
0,
0,
0,
0,
0,
0,
0,
0,
0,
0,
0,
0,
0,
0,
0,
0,
19,
0,
25,
27,
0,
0,
0,
16,
35,
24,
0,
0,
0,
0,
0,
0,
0,
0,
0,
37,
0,
56,
0,
0,
0,
0,
0,
4,
0,
10,
33,
0,
14,
115,
6,
0,
0,
0,
0,
2,
0,
41,
0,
40,
0,
69,
22,
5,
0,
0,
0,
0,
2,
0,
26,
39,
28,
0,
27,
0,
0,
0,
0,
66,
0,
0,
0,
0,
0,
0,
0,
0,
0,
35,
0,
63,
0,
0,
0,
0,
0,
77,
2,
0,
0,
0,
35,
24,
0,
0,
0,
0,
40,
3,
0,
51,
0,
0,
6,
0,
12,
0,
0,
0,
0,
0,
0,
0,
0,
0,
25,
0,
42,
0,
0,
0,
23,
0,
0,
0,
0,
0,
11,
29,
0,
0,
0,
0,
0,
0,
0,
0,
42,
7,
2,
0,
20,
0,
5,
0,
33,
43,
19,
11,
0,
11,
0,
0,
0,
0,
0,
12,
0,
0,
10,
46,
0,
0,
15,
0,
0,
13,
0,
0,
0,
0,
3,
0,
0,
126,
0,
0,
22,
0,
0,
0,
2,
0,
0,
0,
0,
0,
89,
25,
32,
6,
0,
31,
0,
0,
24,
71,
0,
0,
0,
100,
0,
13,
0,
0,
0,
18,
0,
36,
0,
0,
7,
0,
98,
0,
0,
0,
92,
0,
0,
0,
78,
0,
0,
0,
0,
0,
8,
21,
0,
0,
0,
0,
0,
0,
0,
25,
0,
0,
35,
0,
3,
80,
0,
0,
0,
0,
29,
34,
12,
0,
0,
0,
0,
0,
0,
0,
0,
41,
0,
33,
0,
0,
0,
0,
0,
0,
0,
25,
11,
14,
51,
125,
44,
0,
0,
0,
0,
0,
27,
60,
0,
55,
0,
142,
79,
16,
0,
21,
0,
0,
0,
0,
26,
74,
20,
75,
0,
0,
0,
0,
0,
83,
0,
0,
0,
0,
0,
0,
0,
0,
0,
24,
0,
49,
1,
0,
0,
33,
30,
31,
35,
0,
0,
0,
63,
5,
25,
0,
0,
0,
43,
15,
9,
92,
0,
0,
51,
0,
116,
0,
0,
4,
0,
0,
0,
0,
0,
117,
18,
0,
46,
16,
0,
0,
30,
0,
0,
0,
0,
0,
0,
18,
0,
0,
0,
0,
0,
0,
0,
0,
5,
21,
9,
0,
30,
0,
12,
0,
2,
46,
10,
15,
7,
0,
0,
0,
0,
0,
0,
32,
0,
0,
8,
22,
3,
0,
7,
0,
0,
44,
0,
0,
0,
0,
0,
0,
0,
90,
0,
0,
0,
0,
0,
0,
17,
0,
0,
0,
0,
0,
39,
0,
0,
7,
0,
0,
0,
0,
0,
30,
0,
0,
0,
0,
0,
37,
0,
0,
0,
0,
0,
0,
0,
0,
0,
0,
26,
0,
1,
0,
38,
0,
0,
0,
1,
0,
0,
0,
0,
0,
0,
5,
0,
0,
0,
0,
0,
0,
0,
0,
0,
0,
26,
0,
7,
0,
0,
0,
0,
0,
0,
20,
0,
0,
0,
0,
0,
0,
0,
0,
0,
0,
0,
20,
0,
0,
0,
0,
0,
0,
7,
3,
0,
22,
18,
68,
24,
0,
0,
0,
0,
2,
0,
34,
0,
0,
0,
41,
0,
35,
0,
24,
0,
0,
18,
0,
0,
4,
0,
24,
0,
0,
0,
0,
0,
39,
0,
0,
0,
0,
0,
0,
0,
0,
0,
0,
0,
48,
12,
4,
0,
0,
0,
4,
0,
0,
0,
0,
75,
11,
0,
0,
0,
0,
0,
20,
2,
31,
0,
0,
0,
0,
112,
0,
0,
0,
0,
0,
0,
0,
0,
37,
0,
0,
2,
13,
0,
0,
9,
0,
0,
0,
0,
0,
0,
0,
0,
0,
0,
0,
0,
0,
0,
0,
0,
0,
0,
0,
0,
0,
0,
0,
0,
23,
0,
13,
0,
0,
0,
0,
1,
0,
0,
37,
0,
0,
8,
0,
17,
0,
0,
0,
0,
0,
0,
0,
0,
0,
0,
0,
0,
3,
0,
0,
0,
0,
0,
0,
48,
0,
